ECT m00 0 50 0 1 149592870681713296 2 367517317676765434 3 452518972314959091 4 542201892448082253 5 555978648677355683 6 748429587520786912 5 1025080820380137824 6 1265328518468622788 5 1530697260399407462 6 1710846563516502760 7 1714744066660347891 8 1721013257629389131 9 2210979428808546838 8 2225120275126893127 9 2235797079552601299 10 2717132202969900060 9 2833138317989639668 7 2945371427841301896 8 2956779248108208910 9 3378395493733809429 10 3744409150717200402 9 4029226641865971692 8 4105465083184520852 7 4398162473103680917 5 4522350228382513345 4 4705157487272464048 3 4930880088411569337 2 5021768862631545257 1 5325552684943192343 0 5653518629975100263 -1 5810860956574122945 -2 5955068189963475179 -3 5987122657274547744 -5 6169701269256675638 -4 6277206683203641768 -5 6399878050108187034 -4 6406361128482775840 -3 6514777128709856133 -2 6675782029577945025 -3 6875449082585447404 -4 7161414474517877699 -5 7469357149693001106 -4 7572090527277063106 -3 7867704658564979634 -4 7928240370383992848 -3 8126559261406300709 -2 8163774091913343881 -1 8246045214595538959 0 8985376709144584944 1
ECT m00 1 51 0 1 66861571951247138 2 384366826186813317 3 474829537273325092 4 691967831162394835 5 720552557575873444 6 832433984120602813 7 847521453438727229 8 1248941884212104917 9 1263206208877111634 10 1323590362165788985 11 1822815066828297003 12 2528344415130485553 13 2660111929361000444 12 2666915390788130141 13 3022743259483059710 14 3093002027728254072 13 3238430481163420488 12 3485077234503976241 13 3530998498882859659 14 4172887873923918669 13 4198608963298045444 12 4517151286871361274 11 4731930411781224561 10 4911674851055973991 9 5111591063876760103 8 5255477205664631741 7 5297513042401982988 6 5868858470649490841 5 6006496060188649386 4 6358424037412620406 3 6611268646130852613 2 6616749836847446976 1 6789565187590155323 0 6853969164524070009 -1 6902544168045820568 0 6949549906457551112 -1 6984476747923349255 -2 6995213026079645783 -3 7023695472328776981 -4 7444134742437279057 -3 7554665664932033105 -4 7823319338336966398 -5 8216285453992197439 -4 8228941944358338295 -3 8302143652551532460 -4 8353373643411160451 -3 8440489025412515338 -2 8582222855206437507 -1 8659548225127636527 0 8930726995796052751 1
ECT m00 2 46 118197665250136216 1 139843415351135922 2 362820544700540571 3 550326332931782034 4 681237476906471143 5 708972721092489151 6 774416434098272126 7 868042008218352795 8 1141273807236195531 7 1211541365032157159 6 1676508441829732017 7 1699363427963415570 8 2137592722456206574 9 2172243976871304388 10 2253351361947991811 9 2470069420696066108 10 2479718906223717082 9 2537225049960695494 8 3106421428592432710 7 3141298430066503595 6 3159321730477990163 7 3478715314609088687 8 3803710266586508555 7 3882493063421668506 6 4034927905392181093 5 4049884106751410655 4 4177597933028252588 5 4356860570855808503 4 4402059313415599058 5 4473897254973055424 4 4783960897592557603 3 4833327330135639796 2 4913981266812488615 1 5954568840838639200 0 5969608058321605190 1 6363470938595697079 0 6424525068741233246 -1 6656947961629042559 -2 6899482258787112409 -1 6913925168907021086 -3 7249311434587451564 -4 8065986076033227375 -3 8217410806555956874 -2 8385016464270360596 -1 8466620345967437869 0 8571494403149708836 1
ECT m00 3 50 -17275936378168605627 1 -17084117959480926013 2 -16864580313228271245 3 -16820463956018451383 4 -16630464435424511488 5 -16374951166672933862 6 -15132743665573423117 7 -13865333692194916837 8 -12907078058375252132 9 -12464361736134599741 10 -12121616918890756214 11 -11824476725379322639 12 -11535228219662362366 11 -10655824546734501213 12 -9319078703193857649 13 -9271418984133798199 14 -9216612054906402908 15 -9111488151903926342 16 -8688835875298231304 15 -8346801882365191404 14 -6601720208949378398 13 -6060052212812268600 12 -5673071268428783767 11 -5140516781071755546 10 -4784864579038233726 9 -4719711422645783326 8 -3058042378340767673 7 -3001658159486839242 5 -2643162519733776264 4 -2608644692370929902 3 -2508644714165229412 2 -2003282358302418373 1 -1640020480008807201 0 -811220679535764960 1 657354090138915082 2 661345027689527725 1 936448270540650748 0 1540541420180826942 -1 3127795948369854734 -2 3486940703300119643 -3 3964540519733823603 -2 4290397172405214750 -1 5884982523580877299 -2 8251798385808718304 -3 10984368328992335905 -4 11723263310849873206 -3 13483935550148441161 -2 16162897263828788390 -1 16409507510845834521 0 16413332545787540817 1
ECT m00 4 51 41429204830520881236000000000000000000 1 61027769287395959256000000000000000000 2 63970238981099856969000000000000000000 3 66533102150307250527000000000000000000 4 69000926182621834005000000000000000000 5 71422521644519595765000000000000000000 6 77112602607208573458000000000000000000 7 78515173370946364722000000000000000000 8 80000989025671985823000000000000000000 9 80972351574513373638000000000000000000 10 81000000000000000000000000000000000000 11 84973835807912589975000000000000000000 12 89088269721214635243000000000000000000 13 91311024381786618093000000000000000000 14 96206139510774917823000000000000000000 13 98799234134683225203000000000000000000 12 104036943887727965991000000000000000000 13 104146783291687565169000000000000000000 12 104913395256158779086000000000000000000 11 108787808552680667583000000000000000000 10 109272162688153255836000000000000000000 8 111115220366449044774000000000000000000 7 114333269578530491061000000000000000000 8 114800324352564140532000000000000000000 6 118597915739885927328000000000000000000 5 126657623159804662695000000000000000000 4 132177567236519189421000000000000000000 3 132816062984543128863000000000000000000 4 136105102963394798877000000000000000000 3 136847677373400915630000000000000000000 2 137889385463493771264000000000000000000 1 138335548170773775339000000000000000000 0 138640797389236948551000000000000000000 -1 139835481465188781063000000000000000000 0 142555887453515663367000000000000000000 -1 146963517926464451682000000000000000000 -2 147803310227624984262000000000000000000 -3 153135985600083601188000000000000000000 -4 154260891955036517553000000000000000000 -5 155550488880596235840000000000000000000 -6 161805396431215477746000000000000000000 -7 169822359539832588804000000000000000000 -6 171344242131311056302000000000000000000 -5 174397850794776495600000000000000000000 -4 183678606833694748434000000000000000000 -5 191636952247764341937000000000000000000 -4 195799997712698296515000000000000000000 -3 196346677549647962331000000000000000000 -2 196799549976810993762000000000000000000 -1 204304632573802624290000000000000000000 0 206305119806567311836000000000000000000 1
ECT m00 5 55 -39210636756182486013624459155745704300 1 -37562988365617091814256072713142585105 2 -36600058979507777093938798317630374799 3 -36396384191919243417925238795986798236 4 -34792205065501496251062990440164840312 5 -34114571231302612263366423501206875629 6 -33633556429660907393627613570537077848 7 -33551858359338196636170729825886354758 8 -29844033821451003637981751830087145438 9 -29496837603546545162200374525058570452 10 -29414768222684353842661406710509882151 11 -26474409556093181686801320883449413350 12 -24686856096330593338066952841618233275 11 -24192481086319722119685994960558933555 10 -23912132578249235019615584240121262650 11 -22344036418809663937569662849338829591 12 -20804005676157935443924835801990649123 13 -18823527099536985247793460626352218833 14 -18784275198888994003610717626694668717 13 -17644114621019243224769033684884331025 12 -16722001022338032471153570210572936573 13 -16690756661844683125657783940246211492 14 -16515132194852640363957238595414604315 13 -12905067057392639141985718213676473970 12 -12903667543940383286956456963622680389 11 -11808271502473414427109272074047308938 10 -11368963912547884806968802446442929189 9 -8231764279707572802694709893300960424 10 -8007422768074195458414830769860426455 8 -7121036645686861441017240780600275592 7 -6453928026177407918193930111784077494 6 -5973356704042669087201377647635976785 5 -5719457409016114729423275757114446164 4 -3343475107084363838006179647655060762 3 -2596202317278343075688690805229969855 2 -2299013721827894694002181237989811622 1 -1617491215375476354370056075726015069 -1 -1352874222200797482419506817818734850 -2 -306141793454124251117733092324318341 -3 1431063565992316270727371800273986989 -4 2213890195365185517366159852917271907 -5 2745783543406277609658869806529525616 -6 3184907556856022143517718260920115222 -7 4419233970152724134097786020305304432 -6 6022114323400663737399276393360536495 -7 7579955996973500286903350502025791607 -6 10413893252691309218570097595255345284 -5 10722192006270821483606473599633213020 -6 11539957904664263349904545437966177405 -5 14233464010067865753952099992050287321 -4 17114286994711342781461664404137992806 -3 18818923041726744028024970761297324091 -2 19814712297359283603977418858584917039 -1 20246775744683954331274112533025964663 0 20385163803185902671767384473466926094 1
ECT m00 6 52 -110665608494286332187000000000000000000 1 -95458314291431631808127284584653830707 2 -94809460023717296323507550409094137958 3 -92124571465698540190554431362727062738 4 -89889755740337757597347905253499811899 5 -89821018368012005472491261800114263784 6 -89318646366689637654498832762916921696 7 -87103435965457217016225047153981902639 8 -86274490475846590493435723492467661779 9 -86207669042677018903712394619197072990 10 -81467853793188608731104329592102372332 11 -80204276866684118363545612298905460432 12 -77817584016917821925967017078773901084 13 -76760877365391607443386439354599379284 14 -76603853989040574090701342738633012126 12 -76327530755427479799241792180865216057 13 -73598800182971229377617785664670947857 11 -71277551142225494634379967017246000216 12 -69415886668205763274726210288494929649 13 -69414103473444286858343225016019724137 12 -65713225567668277737528630855313870331 13 -63678058392500429544427451050129340978 12 -63286279869772668581962632457646381219 11 -60255641005240859670011925946161372152 10 -59972811685455496333171936257544805264 9 -58968726041276160883787476941606044491 8 -58115277174594299733764439040928564891 7 -58090204261856476421392127585404058700 6 -56782731022381636815779050319837791212 5 -53133581941330927006107441908227736141 4 -52121931925942812027768050736361976624 2 -49368424996172375177184683691957397459 1 -49029272171713346130471142714705993435 0 -48570204372575995751759814350036267876 -1 -47859432657593515731988570626430151759 0 -47289407485296264975406940772596100860 -1 -47140707337749030972888617280130305301 -2 -45523221329993633311728839026427259387 -1 -42071794749073404117533126167526401656 -2 -40823848525199913462547805250176805549 -3 -39769500733220375278644171780671191447 -4 -39573759404304314310797096907423944965 -3 -38793690320842865721875793918751564772 -2 -38594956427518075579920217713002424928 -3 -35309702035059923354392247519364008113 -4 -34568057020110281235000000000000000000 -5 -32674414903805558935121346537752675457 -4 -32405786199069575789019888353030886839 -3 -31627504464387479777322800887428661257 -2 -27734078189896422285759578706499937693 -1 -22360093338259515277161651412667914094 0 -17498338969485024381691002825702099056 1
ECT m01 0 47 0 1 11032779451388234 2 28436561881940497 3 77746636176393108 4 130772983402947959 5 150143329418517954 6 231775583888559387 7 308570290284738203 8 577001939689713062 9 703943557333580469 10 746131322744267055 11 1025375328357338054 12 1067815598387688930 13 1427093948985490823 14 1662241090307724566 15 2273098696744427123 14 2812818662012819871 15 2881627619072687664 14 3308614796703460511 13 3461789919449475884 12 4017746517121974914 11 4059785984197004869 10 4083965579220004603 9 4199441417298654098 8 4203376065805052384 7 4351181031996151335 6 4586043600382051338 5 4885103604068213658 4 4974655408439598123 3 5144721203189947075 2 5212861360950873618 1 6344233334130285635 2 6478161359802756214 1 6526108643582139496 0 6596750295942974057 -2 6761374307007678053 -3 6772428342096379782 -5 7412062675297903908 -4 7474082015361177369 -5 7571936827222637450 -6 7603097554865377871 -7 8074558885512065920 -6 8269484422207607472 -5 8304834942316944435 -4 8324918267015413609 -3 8481089247458505619 -2 8981980954625440328 -1
ECT m01 1 52 0 1 138705195261976897 2 267591924300544315 3 404280613545884024 4 415320603022501463 5 512258199269837940 6 541407467457483967 7 700790196260135178 8 734954797504772106 9 781118038935034937 10 906124618216071912 9 1014579008796435753 10 1130378985015523475 11 1233969943084057549 12 1251209019475922804 13 1522840708506476982 12 1671646594390225624 13 1680770408225133162 12 1749227344278287850 13 2062854480439663380 14 2301718591353460337 15 2396277994077532772 14 2468084254533418720 13 2474040494453574393 12 2614588166857616934 11 2666450716007957931 10 2820853235349137640 9 2925411562227755503 8 2935124424595355020 7 3610097670272016205 6 3963527843194870870 5 4284820408224656336 4 4514957453390546783 3 4659069065462403870 2 4669451807704452650 1 5020634711666398888 0 5314743000300218946 -1 5416356486756033516 -3 5451490867113612722 -4 5874464935023024348 -5 6745848678004114147 -4 6978156839872720872 -3 7094275079957584451 -4 7275135213155056932 -3 7291098247701042171 -4 7659280939347170479 -3 7778590246577403333 -2 7866898500128178453 -3 8069143638773302212 -4 8088348428890931710 -3 8509074109712663143 -2 8644382003497770006 -1
ECT m01 2 50 8335820824679507 1 156039974945220322 2 178970294942915948 3 229941990911368743 4 343936168168435456 5 348321282324863361 6 679547584540367579 7 702170454786812487 6 799044441754148196 7 839492024107136976 8 1181168479196960613 9 1248581635128737640 10 1340858028163594031 11 1410919542795773094 12 1660077171971124490 13 2014502959489657558 12 2209811492331274294 11 2521403048846946802 12 2971037229478844193 11 2989705501498037703 10 3402736460563443695 9 3995404411698991010 8 4011082153780080282 7 4508015291320405068 6 4661626665603361498 5 4666913133842740613 4 4776746360423899632 3 4823131102649473948 1 4842009852471537081 0 5004725056895548311 -1 5194958531568597820 -3 5270233256036304160 -4 5720925869288188147 -5 5821089054586674044 -6 6497391396836574937 -7 6540520369837616329 -8 6646190456174444758 -7 6650566419040672042 -6 6675188929953840858 -5 6742019432678071242 -6 6884706455487154612 -7 7017285024323695912 -6 7210347814374777064 -5 7275368028199192599 -7 7306469605727748829 -6 7380487850843881236 -5 8527072147629670638 -4 8575879092877540931 -3 8820194348536537380 -2 8973773633397412258 -1
ECT m01 3 47 -20573625955039857536 1 -20197363406516508464 2 -20148606850705972655 3 -18015894408282936967 4 -16877441772986031582 5 -16305092666757940897 6 -16263979447322562457 7 -16110695569219518934 8 -15846752260987508891 9 -15101077632953272999 10 -14779058027321709594 11 -11870642385234988818 12 -9767517270546181712 13 -7538982128269388941 14 -6256094993272793193 13 -5807336193952891930 12 -5070272624724748624 11 -3909165004516630682 10 -3840055699747523534 11 -1498454071600392263 12 -1014985013117898492 11 -939081468318380903 10 -23670765703423025 9 0 10 16901084542739919 9 381551892716635551 8 807806684361291148 6 817368277950852733 5 834759605256322458 4 1400110560324638222 3 1863946933624711094 2 1880908946807153532 1 5063051735633929853 0 6170172222376366951 -2 8027271480669399655 -3 9000000000000000000 -4 9652562398645165178 -5 10388401124226461810 -6 10890714476709416533 -7 11751881329650344893 -6 12118650336674840713 -5 13120800794975485048 -4 14017581196875130790 -3 16531477558970272568 -4 17227726566403423332 -3 18924844276456924752 -2 20448028940699612016 -1
ECT m01 4 55 46839856523088532140000000000000000000 1 51997189887161871066000000000000000000 2 55628372767629283785000000000000000000 3 61732899018836602020000000000000000000 4 63319527221036865903000000000000000000 5 66375347161765882095000000000000000000 6 67482400001413165866000000000000000000 7 69587785391341416156000000000000000000 8 71413671882284258049000000000000000000 9 72006423205831646238000000000000000000 10 77053874138570727189000000000000000000 11 77647486132667008404000000000000000000 12 80536329766538954181000000000000000000 11 81000000000000000000000000000000000000 12 83131559528127681672000000000000000000 11 84142569541398155568000000000000000000 10 84618084435271600833000000000000000000 11 89143002810271369323000000000000000000 12 91108109287475042967000000000000000000 13 91311702179792274828000000000000000000 12 91473500540261350305000000000000000000 13 94540289325852516939000000000000000000 12 95150227926309893001000000000000000000 11 95241298807964286027000000000000000000 10 96296312998921289751000000000000000000 9 100066937410242997722000000000000000000 8 100252932840079768053000000000000000000 7 105021617539218810372000000000000000000 6 105834925750716489177000000000000000000 5 106776418635904305798000000000000000000 6 107083863177487253892000000000000000000 5 109599921657918771894000000000000000000 6 110508036128101804770000000000000000000 5 113271861514378083273000000000000000000 4 117989897016468637395000000000000000000 3 118191592460100421620000000000000000000 2 129024261122637168828000000000000000000 1 133473816742671009423000000000000000000 0 134458545136914075717000000000000000000 -1 134751675355186013559000000000000000000 0 139374881902898464320000000000000000000 -1 143981716752466503696000000000000000000 0 145363237118716651371000000000000000000 -1 145765385014770760950000000000000000000 -2 146141022536686445265000000000000000000 -3 153494135087378919723000000000000000000 -4 155231929258387536717000000000000000000 -5 161055040320744145731000000000000000000 -6 164517291414433154250000000000000000000 -5 172747539844231744404000000000000000000 -4 182372952079600772085000000000000000000 -5 182625939110784391740000000000000000000 -4 190267181841214449540000000000000000000 -3 193289024460549647430000000000000000000 -2 208877284111237648065000000000000000000 -1
ECT m01 5 48 -48264559399792198296277588775657663836 1 -43981468751681959332016319697284849560 2 -42523305849452418108848767537138669288 3 -40950334860327356485276540899534190528 4 -38877136970838134367553118535932477027 5 -35153421325624589997473692027001352829 6 -31070393673385380718765321558401759570 7 -28660689224378000091887043113370565209 8 -28498811276517505751031940833947948221 9 -26957684409099291111391472282509880918 10 -26331986795995601096246498836985240057 11 -25352854111822473144781581877228831646 12 -25256620144844049535818000772074580086 10 -25145224326452999974271015555825013891 11 -23889290718197981591528518613644136272 9 -22951479266943314388748642735131735161 8 -19018750801419983821959256773654996136 9 -18986168398805494039917838998634900891 8 -18557441506819184478275843258504606964 9 -17962768225624263842641322401350139862 8 -17932586843191374226558660242453078676 9 -17696972280368382132710891505432190447 8 -16169147861704142425146153349089901955 7 -14055340440776872014434884010444670338 6 -12420016412337113753661451887070293133 5 -10864409367845181440761754944535838313 4 -9846188238108823795150572697030847408 3 -9770830178567055201674109104183044431 2 -8778741563567292082155321859528127050 0 -8473394458118672481544439394061881312 -1 -8385037189505147086184353881656052051 -2 -7052870391284605528546792422980597518 -3 -5734283256495162038418161439302354050 -4 -4943384800268369463187194924259410185 -5 -1094630658537272602854487050330128265 -6 -851945505376653041108512922051644846 -7 1039671611725766558378098135849158889 -8 1163362646340268738886957737564650946 -9 7784202797062376271190174511193090308 -10 9832105291115398309207911978926489712 -9 11201288371924995516903105154069694480 -8 14673898583062171004035523130033481010 -7 18164074493270584712318732442876231512 -6 20719765300775554408990666481492353545 -5 20758471560690289920777733656594176597 -4 22087834758077061710926078283866970055 -3 24666578589774393157112603146555096491 -2 27040894492049764625514331597048897805 -1
ECT m01 6 53 -110665608494286332187000000000000000000 1 -96855833512961923749959051185184236757 2 -88659579328499579263948528484866292188 3 -87476503073694529556374712578923990428 4 -86715408410533739207300365957103814275 5 -85991635241235620895348205296153733330 6 -85812911763694303156635668754961281046 7 -83029054302692134393423236455277309620 8 -83004149975296035413911179308729071157 9 -82508834362539935103328793228864172848 10 -81459487845552258254653116439477802025 11 -79201713244331610660439613458121590073 10 -77863049664122241114444284511352952024 11 -77761715944950653964364029123511998320 12 -74377100359653079556347380790655872380 13 -72988259056175915324961097249360638827 12 -72297998778354964769604191462814690126 13 -70134793006352216305787945020808848948 12 -69248083948880388603726151105006594859 11 -67863776073264157421652494902877199154 10 -67770358510003821420767783290498591630 9 -67719923890482637043996013575129809239 10 -63393864352684019709926707217394054159 9 -62674723479055735418436586452162362297 8 -61936516774154328624931991055981712834 7 -60045165171255054402581748469638564911 6 -58134805651909724913194131303667943274 5 -56496537266130419515416755884975953423 4 -55996724869933240651525633658730445223 3 -55970848865882568624625441750566052685 2 -54171385425526513440558683775741666646 0 -53589640073704233710641162311979759331 -1 -51649039315435864947465665682496032577 -2 -50358936025275882607038009112952347565 -3 -47155801809402619666677279600706638218 -4 -43786319768292992354059031980202016873 -3 -40936269735931001900264234372681480779 -4 -39949996579492757138505850520087509612 -5 -39104433757406464992636071799168984002 -7 -38804896078630171760309240350808581958 -8 -38697754172359888406281772226261089074 -9 -37940200691386866742482651840583679049 -10 -37308976161738936119650959002035244555 -9 -35508847827500429169245725309959795187 -8 -34851747944243722287622795611467442065 -7 -33286999340023168110668284639310874960 -8 -31557063306367966433139630300019496352 -7 -30873445328096613256752092898888998937 -6 -30385972623845499646718449522406484602 -5 -28169496625912386232540708930387765517 -4 -24088971781395161626364737852630079026 -3 -21881562167327414493470987861796841406 -2 -19261205765624432098969379321825426697 -1
ECT m02 0 48 0 1 62365871993906519 2 193916171322824150 3 379846124721827510 4 398987682519010502 5 487500952860525594 6 868062816949789545 7 917387469517274464 8 1320581298383982280 9 1579254238903197510 10 1695474484301005434 11 1827900349700216044 12 1851714349362084453 11 2258876879974065282 10 2350810014564436819 11 2400150094408527992 12 3592046922428768227 11 3856530057575633086 10 4483609574742827456 11 4677155017901352216 10 5042540309575693376 11 5290696762647859028 9 5314182975414477346 7 5514534896025296030 6 5531607972508018526 4 5660585779593978289 3 6023543162114588408 2 6067665284370784235 1 6254138488555076479 0 6415062980636866956 -1 6449432070323061938 0 6533341226341048063 -1 6592456803588294912 0 6696974940730882301 -1 6973276787331727139 -2 7036735354994004173 -3 7045092918553055646 -4 7253345770987340862 -5 7574866785163153038 -4 7629149166534450067 -5 7657255126487688325 -4 8025624309219957319 -3 8237546742561116149 -2 8373103672703447130 -3 8767735017558294519 -2 8862557690695802003 -1 8904217109983871374 0 8973417327687009487 1
ECT m02 1 49 0 1 2511483448430836 2 47705373435473474 3 58550927587733128 4 67517376408422931 5 254819766643377041 6 339761599918007761 7 780938855971849107 8 937911466140091811 9 1050235289390597144 10 1503788134967443671 11 1568041497045721265 10 1590115856055798853 11 1612729385265325951 12 1783366062641928247 11 1873826000065590924 12 1899158208619617152 11 2237052550105851178 12 2473948667661077536 13 3169049843081577604 12 3401837285064263471 13 3442263870353483991 12 3547470721680928065 11 3568735160082791670 10 3770682693874875439 11 3980876508658596438 10 4541821474328558338 9 4546023947722752983 8 4621031760604567784 7 4704955741625954366 6 4813648344906514327 5 5004911515973501784 4 5046858020501034651 3 5050603883501027824 2 5336209831691814371 1 5471020039559284885 0 5930688708002737994 -1 6392265308220210147 -2 6412255217956902469 -3 6463318576579802701 -4 7099986698634186157 -3 7483942154807002004 -2 7607124389293674581 -3 7927015482595949978 -4 8018419431592491777 -3 8157135318664058380 -2 8219769033771768029 -1 8770619832677413918 0 8944391788018899919 1
ECT m02 2 48 10594968629403344 1 80273972321790423 2 101078769882369289 3 193998334763527322 4 229673197774534006 5 328614801449256635 6 439274915709253667 7 524232095363441823 8 530071275904456170 9 689752324244642386 10 743951763897653705 11 1230566704513700801 12 1632999531553731043 11 2012368981083089734 12 2078515100026936771 13 2210319690788667265 14 2443373818838827254 13 2458400768549259463 12 2565895239045279046 11 2706821892936911876 10 2736344787178099695 9 2953222556673275141 8 3229817806892580846 7 3233576537876140616 8 4178139641617031871 7 4429468797335827042 6 4493042441227719243 5 4647615406047209210 4 4858416705059305597 5 5062180430359844324 4 5253614240682891940 3 5269881125964483001 2 5917406411735548244 1 5937084768025636482 0 6027307384003540329 -2 6182892444680379960 -3 6834143004270536542 -4 6986720426277155059 -5 7151409642411610681 -6 7311186047484168605 -5 7404456763786373004 -4 7588386553192024269 -5 7591531190200020571 -4 7783368466176894951 -3 8304015201854073611 -2 8407617331351031110 -1 8921483720679883683 0 8991466274096671519 1
ECT m02 3 46 -21706052302838625189 1 -20299945188717073585 2 -20087486369518297568 3 -18985312322040439116 4 -15983225955913511844 5 -15796156113978137133 4 -15120216353221356065 5 -14645921190825978743 6 -14456211514326684663 7 -14364361288832103866 8 -14053779004894951467 9 -12098539721193660796 10 -9893900652594515881 11 -9221961396219034204 12 -6015708164061693702 13 -3652534887108907144 12 -3409170249458726394 11 -2620319333944041358 10 -1278116100800916019 9 -1243159865509772373 8 -730337872742394940 9 -670931461214809199 10 -464715288410976899 9 -182731332856312341 8 -172413939121674557 7 0 8 265903991219861815 7 554372892854439961 6 1237838115530919724 5 1276921907030603221 4 2920057309201666683 3 3151893918900584030 2 3365803568870651121 1 3737536922396763806 0 4030072535767893320 -2 8324272884356418065 -1 9000000000000000000 -2 10460152686258736353 -3 11085197529180140372 -2 11930344968860862039 -1 12779128152156789256 0 14622555964021863054 -1 15907990369897482588 0 17839415962154108278 -1 19475639348854565467 0 20224494890963555751 1
ECT m02 4 51 27608055210826555455000000000000000000 1 32643419274515651328000000000000000000 2 37051905626885715399000000000000000000 3 45266464121043277458000000000000000000 4 57489025079464056909000000000000000000 5 59240931419452399686000000000000000000 6 67147353085685741172000000000000000000 7 67845208181285481552000000000000000000 8 69984290107839562434000000000000000000 9 78307145314779123963000000000000000000 10 81000000000000000000000000000000000000 11 81206872713719054010000000000000000000 12 85553168134827538134000000000000000000 13 89959261128891101595000000000000000000 12 92306262529583333595000000000000000000 13 95135491552191672510000000000000000000 12 98136945098844227271000000000000000000 11 102955169743522444206000000000000000000 12 106728230259230116122000000000000000000 11 109868455896902652348000000000000000000 12 112390234033493481399000000000000000000 11 120653064930823883973000000000000000000 10 122104474219722640617000000000000000000 9 123795251716452034779000000000000000000 8 125148422944118459475000000000000000000 7 128801051699970803922000000000000000000 6 128924776133393693859000000000000000000 5 130839702283116518688000000000000000000 4 132173825615112783393000000000000000000 3 134721533888429893686000000000000000000 2 135380367005672742255000000000000000000 1 136471922252849506221000000000000000000 0 137599180656267939903000000000000000000 1 139212323053307453340000000000000000000 0 141644848538852099316000000000000000000 -1 141761766139985175498000000000000000000 -2 147592950032641715595000000000000000000 -3 149330218903608515247000000000000000000 -4 153029303411447918817000000000000000000 -5 153781260219974992527000000000000000000 -6 154119248431685764866000000000000000000 -7 156088128422822931000000000000000000000 -6 156453745495295943180000000000000000000 -7 160517961041880416382000000000000000000 -6 172303700642197029738000000000000000000 -5 178870540514234402970000000000000000000 -4 184092767934378926040000000000000000000 -3 191232186069096627363000000000000000000 -2 198340704346734964602000000000000000000 -1 198462726963159073929000000000000000000 0 203318393206172699853000000000000000000 1
ECT m02 5 50 -42615666378391861307110094683319833638 1 -41037122776529394588166758482084809072 2 -36561399164632874144277850591224656856 3 -34979071396074121619095142696469111261 4 -34921900543886635071417180049826971533 5 -34340451177016895711197422712405183508 6 -33795615713484422799245989299750877319 7 -33714852542163067141444645592712329022 6 -33130728119837693742534200236929464242 5 -32991729386267452345880943488592158929 6 -32912117496096594127690235696863861476 7 -32836084640828840370952296288044922186 8 -27008315787409778874066485330471570082 9 -24468198659799852290502144242896939765 10 -24372315930671195198290991719178362956 9 -23403746929631743428960958397691455927 10 -23152780060160684716731837653104328863 9 -21878827636046447898621966284274715993 10 -21172980591348382128078914642140829201 9 -21021093433224651720511562380364624087 10 -18565760447550183553007549756458269603 9 -17536749475128114265261686875006062713 8 -17223866549614817751756139307459275032 6 -16535927105541589796952273404989270315 5 -15375299550916006792985149151352033369 4 -15049272559411766826799486545283762604 3 -12757880749682962385755030092926624995 2 -11358763681348503600242246447414668991 3 -10669569309608952570987392600773030739 4 -9703642177345661353496582742911566245 3 -9150310269269336443109956665214433609 2 -8957879094540938424399573459393274880 1 -7905546801790880747189522515802283276 0 -7622218497111945663096652089304670877 1 -7318037577124982459513819746816556852 0 -6374836102884221671641079223374381681 -1 -5036391076522733516122094405272864896 -2 -5021095493373356381030156352888047887 -3 -3161042888591864203023024471139479312 -4 -2753360890612017739526645109755933155 -5 -279535221292788881204019828018033471 -6 4191936863783286337513432154734336179 -5 6207328251413563001128386116675983636 -4 13951199606630198021352789007863210341 -3 14715006425248762354641854077210173418 -4 15374749736615587238759574487438063970 -3 16002262033357425339016134078641559616 -2 23373514046380711993383467655260995472 -1 24243133303759624295180256151782684594 0 25687619564963077680422453171043036381 1
ECT m02 6 54 -110665608494286332187000000000000000000 1 -98996938820224777449403458171105509181 2 -91667245549518318080539238203732617613 3 -91292974142893152221971674033763083036 4 -90073794835677163111522385849009934697 5 -88632092362696533774031997083781996452 6 -88596292703219141214237666882858734352 7 -87580184023502377026273178822855784894 8 -87420609327568280935117168551090796225 7 -85694402560520261074130620937423002351 8 -82874815037886274349417911936728929554 9 -81157560106461150475363739369055540549 10 -79964121638100187452288166276113929584 11 -77591432201591360340554074559481585780 12 -74932777448701463519650645325217160908 13 -73830587611756610756317517707538274224 12 -71609424495430562465012826296596190598 11 -71219044182635597867924971171862630193 10 -71167527841506555246457268676199408828 11 -71067997107514706797957978474073674953 10 -70198115913559444174043616237608411224 9 -70148410053759819561353548835339175285 8 -69219064736625368545641940266510972971 9 -69115037254512812962049275125857648862 8 -68561449539683720602780916755315441749 7 -67855927292241850008878706708293356423 8 -67743017768803242622483867242088400286 7 -67321300900421625202185358034046014695 6 -66525385168537961247176407222376813741 5 -66235547672393273331938912240987597555 4 -65468205515849858630029601551282307354 3 -64549373923777071221638007803713305378 2 -61336777611670246772868369495310859475 3 -60429905895240611327653905928315948498 2 -57817261494961375542937692097595372337 3 -56721234756762023057505453149138539405 2 -53522102818420316654224257922526488113 0 -50957725189740087619952052653795340507 -1 -50585596840269591587557181868895274027 -2 -45963134940168772194196053047684689075 -3 -45532839730760012799706673530441065262 -4 -45477941956754237927264832721189929509 -5 -40487611857922059295808913370557206283 -6 -39162632193887673597886812686642256068 -5 -37177117064841044186288296015875754147 -6 -37021638298375162552723601097232626141 -7 -33069616281547579332379076001480818921 -6 -30915211250714858161541978787432416630 -5 -26249057627129079238619874639800084622 -4 -26016681945587953323097493780180660187 -3 -18418992826287330944056141558065303526 -2 -14220442475190093271533657911468655719 -1 -13877967738973493043601211866604053277 0 -11030807547724236524498623325730859096 1
ECT m03 0 44 0 1 77045023287830372 2 80531075679171939 3 113370042445121608 4 163541310262369626 5 218118912432082528 6 430805009019594084 5 542655500849949628 6 724273013583216543 7 775763245882490236 8 813838883390985313 9 1672244272423614154 10 1852311552590867497 9 2246887950407457917 10 2420820040549858326 11 2804707742786595264 12 2813242330853819346 11 3130552662027643391 10 3212816492807120474 11 3245073015528143381 10 3252571321771996284 8 3341250417142388735 7 3525489765421142683 8 3688519611018858993 7 3790908051711556900 6 3833075934031679920 5 3853214051131196379 4 3982584658998579464 3 4223535735128003445 2 4984549469601595110 1 5395846782568733162 0 5506147244105268143 -1 5643826537246731189 -2 6077864151481579883 -3 6209260904182508160 -4 7564695525940033404 -3 8116689498912250611 -2 8136139187437019560 -1 8206787151567647349 -2 8316043418676178596 -3 8351848295181528887 -2 8470581676111869627 -1 8485284897641033035 0 8652861211457711962 1
ECT m03 1 39 0 1 19693212117720320 2 84917479409589408 3 523366787916678514 4 653479736254799880 5 665136257661987340 6 748296581115174010 7 820130882960318611 8 991492602391286668 9 1306187170685556624 10 1635279196002148251 11 1918143281272943471 10 3084712325295872246 9 3220507840564882491 8 3266592314172423906 9 3981131565900152195 8 3996666336036787640 7 4163049556185637746 6 4179259089362121471 5 4814248403794368229 4 5002408946360385715 3 5083714328453911430 2 5171239547704377626 1 5200661704044636741 0 5200834655657842045 -1 5359526759181339671 -2 5393215208972192881 -3 6137812476289698514 -4 6153485698228906409 -3 6187204353484043071 -4 6900323869735266377 -5 7993703842977433277 -4 8174751602291415279 -3 8302085593028935108 -4 8356864324826555326 -3 8654792987382515504 -2 8748946167722743797 -1 8768676090037096307 0 8946363424484118630 1
ECT m03 2 52 225805043741452141 1 336535374626140071 2 353579063029547677 3 568011923766332287 4 689016957115092551 5 914312857956948851 6 1008704663836028079 7 1067882430300440369 8 1104814854801899834 7 1109216869925046005 8 1297330788839153123 9 1335793879869356457 10 1358110563486024659 11 1987443165856932946 12 2095133554659358550 13 2374214669446289169 14 2395967420635720918 13 2682399165670896145 12 2873084319875631094 11 3216857395135306117 10 3370631106829638342 11 3518164221875524372 10 3529220711337564861 9 3604305552873261360 7 3760768612208496667 8 3854241373715814737 7 4287540927982331383 6 4298602954634572326 5 4473535670795544099 4 4651420476131033678 3 4787630972366093835 2 4918586427000928273 1 5234442781354428511 0 5272166443178858640 -1 5439889617188307653 -2 5924773162807123104 -3 5955153136992306623 -4 6127744716005214711 -5 6277377404551547324 -6 6299410397409631828 -7 6385282759655145099 -8 6408524485600718153 -7 6772695862880803846 -8 7284505897831466050 -7 7377097102313944687 -6 7552216853425340285 -5 8359236260590747507 -4 8469063427687132272 -3 8671396703640259787 -2 8841027707733262494 -1 8884316118883281445 0 8920100790962337117 1
ECT m03 3 37 -24856503955878525929 1 -22504329057569234038 2 -20364479326270107584 3 -19611474277706495092 4 -18810898435309648193 5 -17887518345392346196 4 -14623480421598389375 5 -13108047139002683989 6 -13075679339852778246 7 -12875447379705557640 8 -10529827493396937118 7 -10198275151066041635 8 -9143405905668131462 9 -6452247986978008147 10 -5571525634797227704 9 -3038749520430656307 10 -2184468428620473937 9 -2072389553256797562 8 -1391915535359671970 7 -249977414180945459 6 0 7 181248735549433572 6 232998886259374436 5 371598722102096004 4 459097080018585780 3 1710664040473961968 2 2855034629408292425 1 3667543027881127379 0 5635379214795403807 -1 5835560218700783494 -2 8104991708761358539 -3 8976243840220874593 -4 11793154755643509781 -3 14132002847650544487 -2 14489128682275253178 -1 20286541577829931484 0 21456246519658954549 1
ECT m03 4 54 33161750563643185509000000000000000000 1 34154988032501074647000000000000000000 2 60094806131345487489000000000000000000 3 61849493128440664776000000000000000000 4 62624868240275578584000000000000000000 5 67758785305618208112000000000000000000 6 67821177078700882074000000000000000000 7 72570207844588161204000000000000000000 8 75080430579497945823000000000000000000 9 78709475271240395226000000000000000000 10 79506203155905445983000000000000000000 11 79997483094645239577000000000000000000 10 80851393407393879228000000000000000000 9 81497030124980729997000000000000000000 10 82288844000527904577000000000000000000 11 96052180542135149376000000000000000000 12 98043501428313701715000000000000000000 11 101004203104367267430000000000000000000 10 102175969070665123848000000000000000000 11 108024463789825081671000000000000000000 10 108895741251256260108000000000000000000 11 111227341827924995067000000000000000000 10 113216591449550026404000000000000000000 9 118710024995764228095000000000000000000 8 122113077309239045868000000000000000000 7 122773886423590478886000000000000000000 6 128335274797633697898000000000000000000 5 130992503549172012333000000000000000000 4 132000863115986375553000000000000000000 3 133722386228242698012000000000000000000 2 134371520598585037437000000000000000000 1 134515722572716855347000000000000000000 0 135129656374586580231000000000000000000 -1 136899272638673788500000000000000000000 -2 137485128497360926041000000000000000000 -3 137747409861665388690000000000000000000 -4 140076995039832472344000000000000000000 -5 143162895383344658088000000000000000000 -4 145484628109915184793000000000000000000 -5 145976478476495249385000000000000000000 -7 146261775960683577207000000000000000000 -6 150815292964795396701000000000000000000 -5 152110335435999956847000000000000000000 -6 154317409466190617610000000000000000000 -7 156072887122390484310000000000000000000 -8 157575099122947602108000000000000000000 -7 157913512161922259433000000000000000000 -6 168223672569613544352000000000000000000 -5 178518551328665802756000000000000000000 -4 186464859779841371352000000000000000000 -3 186788964791055721689000000000000000000 -2 191141987615476936767000000000000000000 -1 201322673526818891529000000000000000000 0 209354279988339986454000000000000000000 1
ECT m03 5 37 -45536987086780200693414265070073238949 1 -44433582633645971453666567637072462524 2 -40929021058474856007377962817126798508 3 -37552768492160776272947371969086236816 4 -36003791328948126985390717812890892780 5 -34828430935757403065745086243858985850 6 -31765300404172404367855033478464493863 7 -31229759340393667310397656366994021798 8 -30517261204905631742358580604442045064 9 -29322214528511325037257627161694596129 10 -29316995489583632129334398162592737384 11 -29094790867626615868891650300858028888 10 -28752839385012346678625879032959068839 11 -26466919960305943495431175358631614875 10 -21165229757771672270261651412120481882 11 -19611723483149019712937950254390539069 10 -16416699698759637657480964059971147204 9 -11722713749658437222835858417666947802 8 -11499299684509722615210953564934360467 7 -11470724115430908208967851700924263862 6 -10622073907021425722911440427608446949 7 -10487170849651871286732125350759153789 5 -10011426142456354785889580171256623787 3 -9336303619725776973228954369713960881 2 -8772956829705691635511004741455877866 1 -8051726528997988459489738708363440230 0 -3935088184879995521583803430535802136 -1 -2839420085497351434379264167097901852 -2 -1330098070202056031163003453569770537 -3 -39990906290102537026257472932290342 -2 4087329733539173134261557392133804113 -1 7882302544382746483238606064180482806 0 9261479145421530892095576698889470457 -1 10054071027735330796309317333988659317 -2 10613017721315338443203453572373426786 -1 24279319415616314908030387868410980234 0 29225068579410116424880544540695088428 1
ECT m03 6 53 -110665608494286332187000000000000000000 1 -93657997866570187433551180228571446121 2 -89071667193902143136914460644797939812 3 -87285253331684552859807093932611377595 4 -87217244636622092223227168104055348200 5 -86882693025347150736718712193515175350 6 -84968122585645897386911256655347718660 7 -84601915904189182647565192195008287835 8 -84319641598278388079939528573767271383 9 -82919521434612490268764497235346741806 10 -82008638249875824166543322636096138006 11 -78928002341240220237774050496583465376 10 -77640207916611839901975516582936899102 11 -75081297833867367382575720972349605172 12 -72842311975889678900907120672290999421 13 -70591453774640844158451289973455470270 14 -67817941148116512604005796842787101353 15 -67350683027619623704808509902362388656 14 -66956417586682183430633902947777548822 13 -66552838645475875293939493932759603769 12 -64888038228336332385508547551592025675 11 -63518294027669122319502164259456144078 10 -62661713841137993795055598976634614868 11 -62310159242474910867296018736067114020 9 -62241431900511788403788590105603859107 7 -61448690838219829594688536036389029438 6 -60312880312774894901606553013250156014 7 -59227267351888196141509630510485092711 6 -58156085366892533321220103945093736383 5 -56321479169430722387019167806210625273 4 -56291340998550420079768644855508590565 3 -55537147515798373484983669080601663040 2 -55228575908291727303931203309275576776 1 -54623320978876073651273830892277695679 0 -51880228056644928447662572248524654124 1 -51810172795291986871034985956652530618 2 -51036270564282609159006240670585311243 1 -51021538302372035284642705215512358102 2 -50486056736398165794785321903454734993 1 -46681731196042510331121434775063949027 0 -46624871287516493742560899890760545139 -1 -44440791749163952467447666779584288433 -2 -38452452857355341283644439880648618234 -1 -36000893462802956378752985180971967688 -2 -35645587982810222661721952272878076781 -3 -34568057020110281235000000000000000000 -4 -32025707109958145302104066325749945206 -5 -30059167265102832333912032550574373522 -4 -29696314076295506130283370791179241449 -3 -26952561293836363607170189616518091542 -2 -26296653902520115530686833919619191616 -1 -19880988630358770044698109903013844293 0 -10799592579336545527118007482845744399 1
VAL m00 0 0 9 7 -4 1
VAL m00 1 0 12 12 6 1
VAL m00 2 0 9 4 1 1
VAL m00 3 0 14 0 0 1
VAL m00 4 0 13 5 -1 1
VAL m00 5 0 12 10 5 1
VAL m00 6 0 12 11 2 1
VAL m01 0 0 15 6 1 -1
VAL m01 1 0 13 5 -4 -1
VAL m01 2 0 11 7 -4 -1
VAL m01 3 0 13 12 4 -1
VAL m01 4 0 9 2 0 -1
VAL m01 5 0 8 5 -4 -1
VAL m01 6 0 13 7 -2 -1
VAL m02 0 0 12 10 1 1
VAL m02 1 0 13 10 1 1
VAL m02 2 0 13 8 2 1
VAL m02 3 0 12 10 4 1
VAL m02 4 0 12 10 1 1
VAL m02 5 0 10 2 -1 1
VAL m02 6 0 8 2 -2 1
VAL m03 0 0 12 2 -3 1
VAL m03 1 0 10 5 -3 1
VAL m03 2 0 13 7 -1 1
VAL m03 3 0 9 8 3 1
VAL m03 4 0 12 8 -4 1
VAL m03 5 0 10 8 0 1
VAL m03 6 0 14 6 1 1
CG m00 9 2 2 2 2 2 2 2 2 3940875665384301216999055088154042050422622999266395246920
CG m01 7 2 2 2 2 2 2 82070509342969418353965608222934114521849006122592127362348
CG m02 9 2 2 2 2 2 2 2 2 3940875665384301216999055088154042050422622999266395246920
CG m03 1 308410699667194406394355047812170579139300672155384681
TAU m00 1008864170338381111551758102567434764908191487812197183211520
TAU m01 5252512597950042774653798926267783329398336391845896151190272
TAU m02 1008864170338381111551758102567434764908191487812197183211520
TAU m03 308410699667194406394355047812170579139300672155384681
LABEL m02 0
LABEL m03 0
