5 120
-0.6131690657737002 -0.7459389551681769 0.8521202086465904 0.36435185642795137 0.1244912624043567
0.016303601266413503 -1.5177672199845342 0.3798387725131646 0.0899409354858344 -0.14297073706153912
-0.11311846035520447 -1.2436519702939262 1.5958579048760844 -1.1028959573817836 -0.07657946077265894
-0.12294969242966863 -0.06424417774856571 0.3185648612782137 -0.009230496978529493 -0.49708728049923223
-0.10335240715801021 -0.5868854028220601 -1.096227445878657 -0.08299831213302922 -0.6825309942155555
0.2891504074392555 -0.6845939924022997 -0.4095226666105365 0.8484717125801717 -0.11763402092706826
1.143500927738464 -0.5505008047641977 1.03580836534203 -0.5027686145263324 0.44786346081642087
-1.1829048148625625 0.19475096458380386 -1.19859574308507 0.46158387437942866 -1.3688370329774484
-0.9323731602857936 0.6550462058866094 0.6614503408070579 0.18379450978073156 0.12281900429437527
-0.2207349192614774 -0.42458903134953924 0.019169588313211076 -0.6056433126217254 -0.2778742260936071
0.12746569309810496 -0.32316152763325645 0.4535345365514481 -0.9037594977153587 -0.14001948575649803
0.5187912518193833 -0.38928303503181627 0.5133810668986367 -0.1835500379221473 -2.248206598319369
0.9029527039414136 0.4351980127621918 0.07309904114970146 0.9711260462176505 0.4198306453361889
-0.20080659265588569 -0.6195583409249178 0.25887345539363005 0.41615900181523 -0.8477555881059068
0.6591871026737876 0.40945306103871265 -0.6537746173940936 0.11050302848780459 0.7210969978239676
0.19486947807257707 0.47126767612714504 -0.7635704949626777 -0.628709359669819 -0.012652093384386588
-0.15659172934835697 -1.4631050924640587 -0.6061597844825115 -0.40920831505589117 -0.1724830334739147
0.7337393721785215 1.0297252680489106 0.44882747028421116 0.91154953553633 -0.4644566299452143
0.062471377663959625 -0.9615279843339534 -0.23785740387199455 0.09731691448905709 0.3361099319159619
0.07850334015242084 -1.3352273216140693 0.8525779971887698 -0.5827022470595182 1.1096624428569433
0.18788897273648095 -0.6357036235826142 -0.23682724753827059 -1.2172817295503249 -0.06525587950858697
-0.10562005583709705 -0.10736544567257522 0.3228812197384977 -1.0519086921178606 0.6217474565579972
-0.39007648637210907 -0.6781153019853398 0.33416659710897856 -0.18905999741986831 -0.6679559705516945
-0.6142345172397631 2.035605333646581 -0.4183618395913602 0.5352704234560508 0.7813644518349157
-0.7624714652812875 -0.6919242348639261 -0.31766604202786075 -0.656908558566591 -0.12906628748513171
-0.6029396260909228 -0.6550289516230209 0.09360815224495471 0.5783510765023528 -0.8115608571679157
-0.5194660735469089 0.0433554980408029 0.6650806772880286 -0.5078520035780212 -0.5074270389949772
0.9280378908391129 -0.2002019133385491 -0.2190810082934084 -0.06940762239421482 0.6956355359923927
-0.009669101822724702 0.06685040634424964 0.9488446401534972 0.27119911983443784 -1.8888008237953133
0.5645555603340929 0.2909777799894676 0.6406183349742373 1.26996468796077 -0.7581736967516501
0.33842367975148474 -0.07039746570162994 -0.13002752163450312 -0.40786839932003577 0.43952216923687826
-0.2744737232136946 0.9324085772982554 -0.8012410108767755 -0.12995026223632353 -0.9709313261975715
-0.9093903428352753 -0.25233801455103766 -0.8212375304410333 0.45898753212958066 0.7673741359268704
-0.6814149922359153 -1.093759357151138 -0.9004382049140751 0.9807456233579955 1.3756325029866674
0.4018810424996304 0.488232531135405 0.030122292472954046 0.5159036580013631 0.7809882896834305
0.1965280280629645 -0.5443250681434386 0.3340139288787474 0.11600782469813445 -0.5518139806508217
0.20954293829387707 0.8772861788344661 -0.9128137650707977 1.2117289691475361 1.4492003459553164
-0.25619704408331834 -0.9991501565518095 1.4609475048667566 -0.42434429200680246 0.5468874217038355
0.1345902875738783 -0.7968576819553866 -0.1689663102675167 -1.032429354736844 -0.23432911099680964
0.5301854334186189 -0.04451435374134851 -0.06646896364002523 -0.06385377195621872 0.5081616810714792
-1.4607442343020796 0.2643949212852712 0.754668940711536 -0.37165253144765587 0.6526293225610618
0.19716826240087842 0.08045990654040736 0.2416349751796926 0.39821773000251176 0.1074183026158421
-2.2225665802553687 -0.5115845613934848 -0.08451451107781797 -0.23486386640285112 -0.09347649406768788
-0.35196629880780655 0.4302970606910938 -0.32752365531974464 -0.10659410441729286 0.0855950478719765
0.5103905069454359 -0.9145833295714763 -0.6601982954641274 -0.21010342756726436 1.0553519766444932
-0.5594053890784567 0.6009410322889873 0.23235623349762713 0.348576150817401 0.08119593628847104
0.36931019497054357 1.0875977374914916 1.6933803768639737 -0.7598727007587542 -0.7489658504473505
0.3354499642731255 1.0167707063976883 -0.20113177411962013 0.4180310369715958 0.1064145611510308
0.7625560324472913 -0.3583181066785105 -0.572273911846856 1.0086855107706258 0.6089862348827899
0.6610474654100961 1.0049673886636648 0.5750916999931621 -0.4738637297954938 0.16524554188369453
-0.21648366379946327 0.4136654916037769 -0.5496577794823274 -0.8427537325999619 0.5736350626018155
-0.6145084872132766 0.2871928000361729 -0.16487031790703005 -1.1729805145904881 -0.008273093097691748
-0.5253372854773867 0.5637188298805219 -0.4183475438956512 1.2336298430550399 0.2355164730912193
0.21627030024160204 -0.2616949674405487 -0.5488781265053365 0.965923763227935 -0.0764188271691265
0.6658132843817338 -1.2947353240450024 0.4464287249513572 1.2909550853083538 0.9485777804798433
0.23459380195758545 0.38762237299196556 0.6252166708790303 0.17797899719575794 1.7318172811931984
0.7524292837227662 -0.6864988913815167 -0.8146337536952507 0.2611787579084939 -0.7917632862812496
-0.2597049544177253 1.1490760712746022 -0.10991704252819012 0.10248644532353554 -0.27910615848202536
0.9554429563783439 -0.3621028298738353 -0.3136044940035425 -0.05992207966888669 -1.0510045932629928
0.6942504822120416 0.28888775651586035 0.3237539765868652 -0.5608700876099512 1.1236149156005162
0.3033435451917701 -1.1829323454510832 -0.6512217464119262 -0.6546237877629945 -0.2564507676141131
-0.5715777161525172 -1.303350491171045 -0.5642413042530646 1.0475745621705015 -0.15726875032347443
-0.3477842524519529 -1.1282005643900699 0.38460987358199616 0.5395359381005487 0.4025239509020103
0.4374872690451333 0.3980347448554222 0.8956687443163588 -1.2078015732908316 -0.6017385346811964
0.17481149816892222 -0.5563534087417193 -0.3891586120784017 0.7504121784419919 0.3336360454049427
-0.6302735210427629 1.1867594836297386 -0.7836717797019175 0.9411346096833977 0.3394871139697875
0.43043937005037636 0.7743648008362625 -0.11529989723260338 0.282669060820332 1.2041452939031634
1.0519916843319341 0.3133433907592963 -0.16334978569579808 -0.17012457614216275 0.4281681025276263
-0.46417930098430044 0.18314798359844472 0.15768418208159368 1.17568140371439 0.8184667346427011
-0.12803560176558776 1.3062871851144129 0.13701102508271504 0.7225496746179325 0.476562038780265
0.07476786731021995 0.138107821548527 -0.7672168149031293 -0.710799207548555 -0.2754151969496298
-0.03454161418131248 -0.734566712202896 -0.6268391312863663 0.6438462761354458 -0.4265008127452985
-0.029854308956453204 -0.026645642166738568 0.1872317590955477 -0.4844217217096368 -0.6358353005329032
-0.13402897881266665 -1.2007153392214527 0.15712555787444402 -0.05091546967034559 2.1690186205692106
0.6554357428782118 1.102427821680412 0.13631838223672335 -0.7359209832310112 -0.46104069748260434
0.021467997743364893 -0.27127872104613693 0.2641545848073306 -0.4274008196660805 0.4747472010460549
-0.7379820263128565 -0.1284254661527363 -0.5889303007050739 -0.36155847846165184 0.31116421978280395
-1.2254879576483257 0.886024326525258 0.36935920771357794 -1.7261322599893767 0.9361385244956367
-0.45317659523002524 -0.2929725295874481 -0.3999832941924128 0.1446809154884575 -0.5599060512346806
-0.9162643951115422 -0.013808248966026414 1.2777456224206205 0.23078803979892712 0.8553348991615873
-0.7363401670783901 0.8129471311098644 -0.44317917366020876 -0.6504013969851875 0.3544679505936336
0.5083051715738859 -0.43122434428030215 -0.37491378158120775 0.6286887949447982 0.020096569812467206
1.4820105704454647 1.245106918058084 -0.7395247617117034 -0.5711844409979037 0.30581978439677193
0.8001686378726866 0.9321287004559905 -0.02290722779341357 -0.4663356446280802 -0.7558766018844969
-0.9800866748283943 -0.23792553404976544 0.8624904667840742 0.5261419924915565 0.17609390057869218
0.5612312222331518 0.060583649917799805 1.0496992480355056 -0.23061861116443214 0.7155606980585493
1.2456003028831204 -0.03746571143277964 -0.6249745315984047 -0.23782907725512267 0.19885493128185092
-1.1414410200972607 0.3962709126042961 0.7166989790834359 0.6176029860647825 -0.04467045238067484
-0.34050818300246993 -0.16862056185596488 1.176272797999975 1.1614057633866812 -0.48374030613919566
0.32998100901629235 0.6144742565166522 -0.950624055498972 -1.0121258413768568 -0.3187879518179576
-0.5023235457825752 -1.2949635512536124 -0.7138248078953412 -1.4889967020370678 0.36846121605780613
0.24161027323695075 -0.27834706408158794 1.0502801045250272 0.19215650039047463 -0.20235282849603803
-0.07893253220292987 -0.2170435728539886 -0.10739429037979481 -1.0838675571810623 0.24857140907528594
0.14944057626004603 0.44608726379856584 0.6280217136582396 -0.0528870767655628 0.7111210291672804
1.0882094610260113 1.0887115438567248 -0.6905173678320199 0.7825297059562757 -0.1288108629772751
0.7616232191578317 0.6555432745197111 1.0261607063725584 -0.926463547157778 0.4467888747357608
-0.06000926693038394 -0.014696686203041012 0.9915814591604932 -0.3407468180063622 0.17089656033460163
-1.0851446162664289 0.1654476587620321 -0.18751217028269673 -0.14390186604733013 -0.8158591728983465
0.46721629972944895 0.6132199109675178 -0.39021016593163105 1.1986091949470188 -0.62273612934936
-1.2480692393719153 -0.10194205200516782 -0.788327364520468 0.9374610681865795 -0.4363949588888226
-0.37919822824451277 0.29172249542972206 -1.05224787204241 -0.3685235388259263 0.11114547312740353
0.8653499659202359 0.333046649504964 -0.09695287931678455 0.9362486607103673 1.0414566902602198
0.07007222490212625 0.4775341111359418 -0.7985555210135374 0.5900379911873749 -0.2082980492206728
0.06480265055823303 0.7721469736110785 -0.6974658880615322 -1.0867497792932292 -1.244277079538538
-0.51676506230878 -0.23600311074409974 -1.0143593303831973 -0.7950983608128767 -0.7953816361244701
-1.7392576204331573 -0.45968852109267166 0.22077304789848146 0.5375392516487134 -0.17913333318156677
0.5655488085754005 0.6839288597279306 -0.03163975520026568 -0.301791697204079 -0.37626933872037593
0.17154165313093872 0.5909765797778103 0.6983871550802268 0.07289445954263875 0.7770773463056093
1.6086442603035318 -0.3234237686436059 0.46853125660929573 0.10861900678893867 0.3853390498852645
-1.2296452181180744 -0.4657608381794402 0.7364140368922054 -0.2949863559528214 0.6899376158438758
-1.5293052462189176 0.05528795803767806 0.011172601336468994 0.3530079319344619 0.05738763896269326
1.0902656922834932 0.38242084413914335 -0.34128751477786284 0.7026095064672598 0.12363134420805072
1.207925960751881 -0.9042766086480055 -0.7882642529374753 -0.9054924311796885 -1.1042285700875676
-0.5189546959452772 0.10566534196822432 0.4372585819151038 0.585101169760142 -0.33240967959294776
0.31448577994200716 0.06218749413889373 -0.7972112258300478 -0.25605366579185507 -0.9557187071319796
0.8014072569442159 0.0895609170019035 0.339605389202625 -0.3126372630307263 0.1385533932276035
0.3690770799624905 0.5691652751601018 1.2260029600125149 0.2607657764634575 0.16977216643380663
0.7046346119526008 0.8082201530577349 0.11901193853136947 0.5548669324902177 0.7243416265012653
-1.780287900290372 0.4036975485414302 -1.0450905521326006 -0.0736236271711469 0.08948510384281799
-0.4988321639900622 -1.2211062171099576 -0.8967984287851728 -0.06083552046900115 0.2905506601748247
1.0746523740428389 0.8514130208733998 -0.7674401070824707 -0.29348776572674673 -0.7782350264053168
0.38390185594451975 1.2078580456595314 0.41792452749721054 0.0876330016242972 -0.9364179396638829
0.010493432039110006 -0.5303407594881134 -0.13818598805032775 1.1501061597017246 -0.05159293013229787
-1.0736889139894945 -0.7278704779208729 -0.3968214703741553 0.8487999054423163 0.8625862893888753
0.21450236103967749 0.019852149606410283 -0.6096410246365098 0.5361183050704491 -0.7398635797738401
-0.10167552629629491 0.16410312064869942 0.5465327014459966 -0.06792510296292456 -0.3352335442972091
0.7197624549019354 0.12670890768118054 0.02277975565278019 1.3582685129202754 -0.8495934517967393
-0.18831692825692284 0.5355985597155623 -0.3637841960958654 -0.010014529287821683 -0.8463589731538994
0.6426696449652287 1.1378287295047795 0.42084240697342506 -1.5223615090388756 0.0661486132248484
-0.5573928681785223 -1.027624155156687 -0.4193433316104659 0.9572568477744953 -0.7863700786971355
-0.5023953048059833 -0.6449230924652796 0.7553489292713171 -1.2426690014635824 0.4429152584604366
-0.8698299267583961 0.5979135208536023 0.6632775729813742 -0.7519055335222445 0.14666592994690125
0.12872934395946872 0.18364266977605964 0.31098304717081166 -0.454892263724639 -0.3041916944373634
1.1007099633596689 0.6380687211516167 -0.03803535762835495 -0.25262293111183926 -0.06422280194500522
0.6807508842896117 -0.931495170612031 -0.0870240889584631 1.827122044910567 0.2785741444938905
0.16958150990849524 1.0266309648774319 -0.2120860735480807 0.49811228850688777 -0.7374749075402981
0.024232031307534412 -0.1277289496439615 -0.4322466424906722 -0.03304324707622362 -0.3581316407382919
-1.8263322262310546 -1.2231271463975828 0.9474922319290856 0.28809442303135696 0.15612857329452165
0.26692284901574087 0.023370485254058194 -0.664820796472196 -1.1063030018025237 -0.6446676635483009
-0.2023482198225316 -0.9665248200881986 0.6939987694108853 -0.5338882919465207 -0.15780147163825275
-1.1067837135062726 0.3964299681448988 0.9703506170796341 0.7745690753894059 -1.761140530849635
-0.14237841418279967 -0.3654394584464105 -0.5203690355384879 0.7106516485859625 -0.8854874009213701
0.5402404055853669 -0.2792290959799025 0.26219525014045053 -0.18281576637378513 -0.9025918767108915
0.3973666329532363 0.16811852482862963 -1.0373222066588152 -0.3738785620021579 0.18108395308092887
0.5603390166728388 -0.5174450786993855 -0.6366146023802646 -0.7208245123551296 -0.2058210393000066
-0.07431028381233666 0.807541179961221 0.24418591217018826 -0.05385776043694121 0.4675353159668131
0.036049852082453024 -1.6611704532837812 1.1296492757637369 -0.08908181359520116 -0.3025248628535704
-0.5661522451458062 0.5447246373369563 0.23187055975346815 0.6027870485563493 -0.054417085892697066
-0.632833246458146 0.5824161505981879 -1.1745606868047342 -0.5164953350210506 1.2938524146644366
0.8363575922595285 -1.030786488987507 -0.25253150639721605 -0.08361577025389327 -0.06385339961133621
-0.7126968676352572 -0.4353197358385712 0.8265502715690886 -0.358182672018432 -0.38081693614501366
1.2942595642114598 -0.4489882698437218 -0.21576068932649445 -0.14441859377788574 -0.6142208837481226
0.060927275956359224 -0.07758466959141067 -0.5631801689529958 -0.2547467619578455 0.8687442695449088
0.11208187881719212 -0.24431211177322099 -1.1516045746250116 0.7120166057458085 0.7992751709951503
-1.022179450496983 0.5391879191935934 0.7562006060496328 -0.014657071527475128 -1.5606685554253406
-0.20262151394925207 -1.1887474779812117 -0.18688376700899736 0.1764128680394391 0.8906192194228647
-0.2634925070730331 1.3837128081224708 1.1192977931881458 -0.3099598370268489 -0.7356367814302868
-0.6053144624281952 0.23987536945051954 0.7291988330407356 -0.21399474107149144 -1.1098910535015436
-0.3307926228066091 0.27580882285647085 -0.7713690756127899 0.4137884611193451 0.37475615055288075
0.9959612708654256 0.11775851461393563 -0.6730450317353204 -0.7580507992096982 0.6803587283404261
0.2769102836952267 -0.9288486736371596 -0.21900565148135756 -1.0265809816129032 -0.37454700633955446
-0.9269571374189012 0.20050020258211393 0.013961801952508937 0.4472972232641349 -0.6278422980204854
1.1337248624570204 0.8717414696974095 -1.6221099192617074 -0.5235943397010636 -1.1850016293753662
0.26249936399434254 0.12763192445470783 -0.11730315808071062 0.3031275065652107 -0.46343109935367727
0.38958516603911064 0.8934052255530067 -0.3734146444020203 -0.4639073142314729 -0.5185012829508414
1.3700285656471805 -0.08676004584541035 0.4745923433367886 1.1866155045824083 -0.23315508085030373
0.13064393428331536 -0.10199521876556136 1.161535114681218 -0.16754544240389427 -0.5124201364010675
0.7651482659041169 -0.4017063040712624 0.2968926659909482 0.10583513432605907 0.5162189721285261
0.07142408882462956 -0.8296901161598097 0.37934142806081145 0.2584203640958771 0.18213629374052756
-0.8039846635289907 0.5543766784250534 0.12879293891215102 -1.632197637426697 -1.0419149841486604
-0.13831586300146137 1.3419521158048306 0.49136441871281805 0.7015230891532326 -1.5002075750248407
0.13769977283923057 -0.6065695803809064 -1.4046823814764866 -0.627452409855124 0.678942151243876
0.10411915573317358 0.4741403506829398 -0.7601846800843387 0.47202703116746114 -0.10226943709806435
-0.17920240159702835 1.2888318379811294 -0.2588501568767393 0.3448306200233957 -0.06217608341503709
-0.760462997124901 -0.08719986761769571 -0.1788145866388121 0.5288794145372807 0.4039602738855637
0.15310888317853255 0.9484718619819109 0.09415534790335557 -0.12383390211193804 0.04711506737949227
0.3959508293985325 -0.9926629375268752 0.6253174576862675 0.6627572910596696 0.03791918643269303
-0.27884826633121507 -0.10443678392058767 0.5285858390748249 -0.7704279031267987 0.2448716995695982
0.5514343162033837 0.17845333058641447 0.267810085607718 -0.6277804671256476 -0.6471802929533331
1.1590769481075853 0.9087955142989927 -1.920742778114245 0.9867321534752199 -0.10783007814571458
-0.5046958035465259 -0.42096250862024887 0.5967074633700579 -0.946393078452291 0.7944883990207852
0.1583116112626301 -0.5413355513515495 0.1667943035295007 -2.068545213574207 -0.6137159724770996
0.40264434584794806 0.4290867587304419 0.4206906753937154 1.0139377537005045 -0.777906739069743
-0.22626158250832368 0.4345697829430621 -0.6215977346822634 -0.534300159880705 -0.12398533132762997
0.04273409254593511 -0.1424774552746853 -0.33324386271178147 0.792952719745001 -0.920560076152468
1.0524836993906461 0.5491594499270446 -0.5586385206385022 -1.0694344050056213 0.22052228843946775
-0.48309194335401007 -0.6321918512531511 0.49052550046929505 -0.005120191231837904 0.7675185467495009
-1.060247174456888 -1.1890314397797066 -0.20637505856596114 0.3845845673510932 -0.6484035658139509
0.14589647215934165 -0.2779234366455269 0.7673502694798775 -0.031048812423647522 0.04646969510511814
0.3778577433350765 1.632283092066883 0.7924436222388492 -0.20954098980454486 0.560905871337426
0.051800468458769205 -0.11099140223247846 0.2332993456780214 1.1423239425959935 -0.08067947772375178
-0.6381243987467655 0.606071241059522 0.04473448556575574 0.14547395033793847 -0.6935206150688008
1.2788227053570156 -0.2481822664282201 0.6303799543871206 -1.5285641420281 -0.3291874527975357
-0.5272956809041868 -1.001048685667966 -0.5666507521526092 0.07557016032148164 0.48437920925887085
0.44290388415228915 -0.30041948742116686 0.4320441452590209 -1.435016049537072 0.6608685626687363
-0.13376714082932611 0.018869074229957705 0.5348571877707176 0.34510426415316453 -0.9087016805735848
-0.6339608862771405 -0.2998059788535824 1.029954401836485 -0.4739444991809576 -1.8749757693758322
-0.8609600522943416 -0.2589176299940037 -0.7806723016537209 -0.06959426575166958 -0.9289592385805986
-0.27200814475690754 -0.8651273387579718 -0.43746193824615914 -0.07913005374988065 -0.9594347999641432
0.5864494967536226 0.19735155337941263 -0.6784682122940905 0.4721660315434772 -0.418600572691938
-0.05389427540640676 0.8204708613179494 0.2678341178547388 0.8388521642922742 0.7708003409741557
0.2524553330725184 -0.7639814775668702 -0.05922040427339993 1.104688106786367 -0.11939716667631974
0.7334788966398352 0.0665878370924325 0.18779560904252207 -0.3459866518523822 -0.7266395819714563
0.536095571658156 0.06555623667187357 -0.5730378513870371 0.23218942439243195 -0.23456462748180337
2.0401311985610975 -0.9505608876788807 -0.09817230860120008 0.7788664223528056 -0.6647590207288268
-0.2985171705224984 -0.16832931012142266 0.0006048654410777402 -0.3938602876911981 0.1334025629215795
0.3486347875401639 0.09892818151657237 -0.08569066700382387 -0.758167471406781 0.8065949293113841
0.6805455505984238 1.3254767838359112 1.3576219753251393 -1.4667969266511303 0.9159186275615608
0.4937733232423149 0.5758445107485094 -0.31368050070754006 -0.3992822978799362 -0.9908991629963391
0.18642589447537394 -0.11330433579087905 0.8516621926877737 -0.27344458468851485 -0.7991042557087696
1.6111968906708223 -0.6186691911250428 -1.0523785316823944 0.07363592616565899 1.379377124694228
-0.8391609373552994 1.1361644872303025 0.29254895269537684 -0.8315340113388141 0.45661987504431495
0.48089290997022754 -0.562772951356028 0.10068803684910771 -0.6217370502448416 -0.20866811224361145
0.05698743843037781 -0.7126876724425079 -0.09141679715327931 0.08634984374553917 0.4089620995337587
-0.07154341718083841 0.00040027812172339385 0.8762735954628977 -0.2679967170046902 -0.7122169675213131
-0.0046471909381931124 -1.3197819755475662 0.6701180510955206 -1.1589830326642439 -1.1417028523102877
-1.0719247397663034 0.3963234558892373 -1.109727536339952 0.4672959036238073 -0.28235942250628493
0.5569231983463138 -0.030242695887939656 0.31157086189323474 -0.5404416903301187 0.01892574254231508
-0.27974001344130756 -0.19178803534404704 -0.9719912125118755 0.09387342097513478 0.19245872553375815
0.38057111346995665 0.18264248109508094 -1.094667298680614 1.0719620783446486 -0.06517581225051298
-0.6042951035125702 -0.34733798245305636 -1.0745500463136248 0.007427477434440682 1.775283388320764
0.4805546789981791 0.18123898347963935 0.10531253574115736 0.7905609158121375 -0.5591881533213054
-0.6803258553812583 -0.3284466114357888 -0.8067271994727442 -0.35091177553626124 0.09329936399426648
0.14124345295880827 0.9142088705127361 -0.2771355681274331 0.43668821202609315 0.24671055097296732
-0.42378472759509306 -0.6065371234024929 -1.5307777508232312 -0.7569802437986762 -0.05867523705251894
-1.0852866458578785 -0.11716314185907432 -0.4114251444873682 -0.6148743452699194 -1.0754142186149875
0.1634025924959617 -2.2489670062253446 0.4349887430473391 -0.5552614890601609 -1.2707054249247591
0.1874484704850447 -0.33124452841618907 -0.3226222660923938 0.12151353173526433 0.38924888232342386
-0.6938886499676793 -0.21296144643370712 0.26194463141911695 -0.4803265923761766 0.5586668835159755
-0.24862008537460292 0.2058246133402462 0.31210271234587317 0.35221972056899614 0.19507411578398792
0.6847146798029765 0.16115532304290897 -0.1047965737050832 -0.3738851808614918 0.441055405715241
0.18318602494111288 -0.8962505417713617 -1.1667997172259839 -0.13195346146268644 0.13245051532329757
0.7589892680549373 -0.8113905843681704 -0.9049736851629457 -0.5113067953314555 -0.22196212240465757
0.18279738232562073 -0.8749414192755547 -0.03923452559683463 -0.5920237720821279 0.8395084364050632
-0.6445757901931084 0.10297537102992231 1.1514278765837282 1.400240021344992 1.001854204990842
-1.168099928376068 -0.5065337886741966 -0.46500699540667884 0.27844945363946694 -0.03307254462627779
-0.8759996254571567 -0.7650725182048667 0.04933982044696424 -1.2010804236439578 0.7347711906739596
0.19753889128998678 -0.02387512236882103 -0.8244487662970045 0.747400025436801 -1.11635416153676
-0.9263924536437335 0.24051423290907212 -0.5003793430988439 -1.3712334883844766 0.31639914331079455
0.18373632471590107 0.4356185117596511 0.20163726256400533 0.5851576584015253 -0.6915984417611506
-0.41038719620153147 -0.7349650999021525 0.3842453123778414 -0.43084224540729027 -0.41081276926946503
-0.6100492646229917 0.842471389857993 -0.8298208032252414 -0.2110706631140367 0.7510156178794443
0.1473342937962883 -0.011517999393752556 1.7217129627902943 -0.6889434205175794 0.5569654528264846
0.23835180662799257 -0.8876110498269031 0.4517894255349668 -0.7513179598209321 -0.5220390256009898
0.3004720974721387 -1.286593881551872 0.5899135539668957 -0.8150866436340262 0.07023734702005426
0.0460686839815001 0.43517588839529237 0.7371845808354971 0.3827417851914525 -0.36006412118950754
-0.03774411010521698 0.3883272640491543 0.5429604558712061 0.3184835395931301 0.625488578744388
-0.8621612135636889 0.6052506434311035 0.9369969725016299 0.8898799287889825 0.09034237666224161
-0.025307942995395814 -1.1727957656105643 1.7093764698801492 0.8865339840739951 0.015568077102204978
0.6145396679888923 0.6751103009796712 -0.9503968544472521 0.03885838939539191 0.6697183613570223
-1.1150788412185062 -0.08847685325661102 0.6970876787852962 0.7529579603548153 0.11673452942765822
-0.3287570124419168 0.48275291919015056 -0.1367237735266219 -0.12133661630702383 0.26353548106473784
-0.35345448014318764 -0.6503803398161021 -0.4431639590006428 0.6552400036146798 -0.2026720795285662
-0.1146565018818979 0.1740362263627646 0.30748768976304147 0.2889861977036754 -0.45426691098420857
1.3578310918429688 -0.3499996057842631 1.4207898377747024 1.6695021787977729 0.9126845910262291
0.02184722721950485 0.17282315296404208 0.6508121634111573 1.238088231202246 -0.47340546827392566
0.06561915363736193 -0.553326699111275 -1.0758880705924545 -0.3733622386222906 0.6087815352315654
0.20721372579899694 0.1999074072764478 -0.4021936912558268 0.30877850559140896 0.6114171371402858
-0.6929519888683345 -0.025353742549285328 0.16797574680082092 0.8626782329281215 0.921485217095668
0.4867350748566826 0.796150653168847 -1.6821256049055644 -1.1378126670888908 -0.0966493192859712
0.12871856470174295 0.28202926741771167 -0.9390392147131724 -0.5955410921765149 0.7939043393008369
-1.2951955133532072 -0.907325422104526 -0.031931036391758524 -1.2001174766568072 0.43854404581019407
-1.2319412255063873 -0.1895035795378709 -1.5757100460985627 -0.7159992912447235 0.03738971439128212
-0.2569057063135886 0.703922028190245 -0.31535426440508324 -0.26605905159347015 -0.046264261008843906
-0.7383235083696741 -0.20744251500141792 -0.03639530134712269 0.18777084759108237 -0.05499559181974309
1.081729382205975 -0.5285699547741851 0.4928255931044835 -0.6628958024998164 0.4814809436304247
-0.4174902576335464 -0.41419923229461353 -0.21355210550214296 0.3061860941021297 -0.2400492612909287
-0.7673280500824137 0.781095120368511 -0.47783882241025705 0.3075431087085014 0.6704318552646267
0.5738237494199648 -0.7529795733009281 1.521925555897044 0.5092030934368906 0.22322600727877165
0.6050109223691815 -1.214986755653217 0.5914535822214699 1.1675186070416823 -0.2341747261135301
-0.2675580429318953 -0.1065699030851011 -0.855190828791494 0.41627384790489 -0.27279277060736223
0.580741792091871 -0.6231777828265471 0.41290390775082914 0.8283405281183224 -0.3183617255587598
0.0890492400782964 1.5336616193584678 1.2488076399610755 -0.4785662312543852 0.40262875967681544
-0.5378029531738038 1.2654348136329732 0.3311642304238818 -0.9776390385062006 -0.7687514234849063
0.5333415600297972 0.39323125470464704 0.3499160170747092 -0.6885896099937693 0.6086315476725361
-0.18232246404535016 -0.3069456487908698 -0.546254683917377 -0.4131827144337548 -0.7165131920299979
-0.3121993088681446 1.4451279921492854 0.944043371730276 0.6329455335897387 -1.4002195050990671
1.195139475453159 0.5500941574587979 0.6205649382697916 -0.731454145285147 -0.14070809142302299
0.5090899126812946 1.1449513268561786 0.35514033702177994 0.6770332326429284 -0.6572285924630027
-0.014312755375708657 -0.38193119332980074 0.21352448123283085 0.10173634079366613 0.04100627856686845
-0.23116230129523394 -0.06264892266327897 -2.126735024806453 0.03874491313045318 0.7431653047938361
-0.9399750950848774 -0.2413692691781016 0.5542578731983823 0.28811339270851144 -0.0066333452393339785
0.3387014298371963 0.8171394132442245 -0.589428460097584 -0.6321111600275446 1.1570220853290836
-0.07570251093567462 0.06686588548830694 -0.504018279754586 -0.024170153577799926 1.0483788608787359
-0.21927699665798597 -0.8108616399873051 -0.731418978903358 -0.2612509680659494 0.0482119962915884
0.09518751123509867 0.02082582126078335 0.3021380965964918 0.21963032943968908 -2.141496581053894
-0.3451656378320325 0.2892401341480966 0.678992702554201 -0.5494567840305034 -0.8074035941432456
-0.27556458271980944 0.04543225961266767 -0.357170737371343 -0.6193367181325455 0.4566370476861504
-1.1951557286704992 -0.26280628657325067 0.39260016914968837 -0.5534288793483807 0.7167034912186268
0.3734089858510405 -0.9351001867612657 -0.19554138380963074 -0.01784985803189449 -1.1554760664934436
-0.6055110157767771 0.6158112716105457 0.42982536822735823 -0.4396163512494213 0.9290483783541673
-0.36946514694309823 1.0706655475860976 -0.2981880860950155 0.09684158294800364 -0.16987611053574772
0.5273426816155903 -1.4676351157669112 -0.129877372259229 0.9314150334359594 -0.06315609222931887
-0.16336540763691068 0.45099024616678207 -0.9824090438085471 0.27453591776306346 0.5121152307563525
1.2084656127690556 -1.1698834587038869 0.8828735445332148 -0.11267424008676816 0.3714250507313707
-0.3622878330063871 -0.7690117496274276 0.5911618252549765 0.6644710032199216 -0.8867120519985914
0.2931366090196292 -0.22467609471454086 -0.31703754226069586 -0.4329145558398351 1.0244762101317675
-0.5556435855878946 0.04605182897677642 -0.43220943079111185 1.251322791214904 -1.452192075566958
-0.1356709680931839 -0.0955150732762589 1.1712399126585349 0.9036821751493133 -0.22277105643292533
-0.7807343423647978 0.49458100240121766 0.9245053363692989 0.04370578474270397 -0.2948125500546561
-0.644138302481647 0.7170364146814837 0.2952112534974838 -0.06199315098040114 0.6799561002514146
-0.201630492767371 -1.0329583356227978 -0.07747098867656577 -0.1358378879860277 -1.1698455464379776
-0.5908645898569361 -0.29026784329159566 -1.5973666225821468 0.1260174897843253 -0.1541727896965623
0.5933685649479659 -0.15169912766800442 -1.0364316457837108 0.36723808834758875 -0.9708230235789065
0.479408272089588 -0.737985343751259 -0.7044681147794704 -0.5684793895227195 -0.9387256609518441
0.09223814562828708 0.4903844576278611 -0.39011051066692526 -0.15793068868782836 -0.6675160019393728
-0.23715611824968694 1.4086530636203385 0.391289333973268 1.369547215240742 1.684918798141233
0.05170234413647447 0.36466776162445264 0.03817632261844736 -0.3717806943397871 0.6820011441789778
0.4777943129783249 0.5571656387988743 0.3657910706288266 -0.7662925005124107 0.09327524116523159
-0.44308279712074106 0.44629223129076057 1.075448792328483 -0.4715144454455506 0.6679381092248112
-0.6879098064635697 -0.9361647245700002 -0.3652774879163545 0.32427108935100313 0.7298798675657613
-0.2864604807175595 -0.4862422151030643 -0.05341867759888789 -0.3067331755319431 -0.6662347886287747
-0.35945554310075306 0.07846498357981303 -0.25377082544796475 -0.21971677234764428 -0.4211431984038822
1.360338988827096 0.2725700681183049 -0.21406359054714158 -1.309949933543238 -0.606132716966825
-2.0591296555489573 -0.02033339439816156 0.517235190768741 -0.20400106697568682 -0.013736756691987134
-1.4295177089721023 -0.3943668861575015 -0.07331544551733767 -0.3474093631113851 -1.150727715085347
0.7090528604297529 -0.4415089009885986 -0.9676984258211958 -0.8917675046526825 0.2546344807479345
-1.0410437401807153 0.3393042432006669 0.1304475468005261 -0.149645951737746 -1.0989960841662543
0.3783851343301906 0.41899285179995605 -0.7629040676117673 0.04472074872000401 0.30210445085392845
-0.2517930917276651 -0.8609704234345237 -0.000380971413160788 0.008737420766341769 -1.2731960835679526
1.1339356090697896 0.37788252812112166 -0.7425821974007739 -0.8450548160508916 -0.7684678957504876
-0.19572761124963228 -0.2801326945450542 0.11984543695733159 1.0435740897617167 -0.022395849065880363
0.31525868796198553 -0.09923892991891625 0.0733971485617386 1.1805555712012321 0.9310338580825472
0.415116838882584 0.6590927561683855 0.310259661359382 0.7611599621808965 -0.1784734656196363
0.8570872895437543 -0.7768353209031706 0.21103481649525363 1.3387996260547868 0.7997852582214663
0.0025907165088337085 -0.34808888959955486 -0.8043581240915032 -0.0761536478011238 -0.8102586226908665
-1.0768336012079773 -0.39177281012007714 1.765608420506973 0.8321708641072636 0.4729043819565589
0.7102720868022538 -0.5087842885419142 -1.018911396136521 0.04060714324063373 0.39423693631108786
-0.10224173237481314 -0.3003533048615745 -0.7584462764585267 -0.7556517794433333 -0.331269329347899
-0.9758280203430465 -0.7077847199226079 -0.6808835434926636 -0.006366856351345708 -0.015580802310776137
-0.3278273083192327 0.34925547591751194 -0.47851781872520005 -0.13794628228987926 -0.29752993093511027
0.7922926772985069 0.8128097841223302 0.01774872732547968 -0.5442130809798348 0.08002967408256252
-1.5053818531576524 -0.04075218970310925 -0.201949015112409 0.43337651494319196 -1.2004056907539569
0.9150001618807646 0.591796124655498 0.39686050574299814 0.2376331176307268 0.8850055126775591
-1.3963843322870304 -0.2880349748692498 0.382655023463096 -1.2453100118544658 -0.0029747125213861383
-0.18628675762725902 0.9562455203771861 0.7287100517977712 0.5478668209737699 -0.5718207813350604
0.16907323448465872 -0.5045781255225168 0.488281744394517 -0.5162975700005618 -0.6382942056539888
0.035196530825768964 -0.19999527328524416 0.5258184139438152 0.9608330626351443 -0.6389263392315616
-0.40828199793350856 0.36058370686621033 0.025263664273413488 0.9223490479445003 -0.4663983618521292
-1.5121205040703225 1.37414801803251 1.0165793070871312 0.5581863524317842 0.41472386409245887
-0.044079469053406296 0.567977272070863 -2.263786069252367 0.05663193080419645 0.27335070286273583
-0.5275483507627478 -0.5275242194395352 -0.3375164482600525 1.0725287316239276 0.3400153094561681
0.4297443488496192 -0.4074783722450161 -1.2109218936351476 0.5938654156596287 0.13746437624173943
-0.5267806300451018 0.18596272472723008 -0.7558535266289129 0.04077833014099499 -0.43635594529568084
0.29594551540991554 -1.0430456356063484 0.3177948869211522 -0.028398820259220726 0.06598317461031447
-1.089430754124769 0.9596373662242843 -0.5802394640917958 0.047375017445597765 0.4763742844721687
1.1401058102705257 0.11045904114203288 0.16177780628357472 -0.6041106554160581 -1.1478571371760624
0.48372009431948554 -0.26513099360617937 -0.30165300108695187 1.307146691094569 -0.051720710554921986
1.9074723024847269 0.06461240790630161 0.04232870271588877 0.26830863530116406 -0.42814901603685207
-0.004930633379207964 0.003623372510961764 -0.5344469197195679 0.04666355821561442 -0.14454633600020358
-1.7773090841863177 -0.23266755394769054 -0.133980099864675 0.15920296006903845 0.5666869771431093
-1.5194245175873287 0.06958063593226117 0.7223663933911291 -0.14228676218416225 -0.9695311807090621
0.09309542329201158 -0.7123799946504197 0.11499867835676147 -0.008768311220742255 0.8246899290659875
0.3883060001128268 0.19982467387166522 -0.35640187117543776 -0.6697023175583282 -0.2472600283934824
1.3867658942815233 0.27951508308327405 0.49267599406390167 0.36679214933711013 0.47011924469704336
-0.7814129409430026 0.6191733934450677 0.4513165050137315 0.7018945337488938 -0.5959834454877173
0.7073244277092896 0.4819022724662212 -1.2294258355976844 -0.11990868118815144 0.128746991356375
0.6661244413362489 0.18969661375904745 -0.18263102726766986 -0.1821816329764786 -0.6355241255147119
0.34321840109932134 0.3086187243631179 -0.9647337898032557 -0.22436058228890496 -1.0382048568064608
-0.4830130444040542 -1.707067778353994 0.9831982567559853 0.3474270774383481 0.481694027276426
-0.1559700616599911 -0.2421933488860831 -0.7350996702247921 -0.4917741460429482 0.66758618105314
-0.11210003200278737 -0.5939141387886518 0.1746595549308063 -0.3243535506053207 0.12450250221720717
-2.2363387561106522 -0.6796061299694423 0.20693379276074222 0.8054870543867229 -0.6282642220849345
-0.5423598793082776 0.1706254078587233 0.344711027626685 -0.3776178258823039 0.461434861431203
0.8059613247749244 -0.373156397992714 -1.0980507653017832 0.11890143800651973 0.9090178467680269
-0.32296977912589986 -0.09806996972164321 0.8018421941350755 -0.7902461337712632 0.358658217521238
-0.523414798207384 0.9131945618688151 -0.43603318278271236 0.22958264451419988 -0.43145298020557266
0.6435598497372341 -1.2701373974606254 -1.5879945271959124 0.37648260491742674 0.7634912170172153
0.733045470804896 -1.4004444189182612 -0.45525231698861185 -0.2045719595154642 -0.007858028222792822
0.857561836880953 0.4266370987846489 0.0537450311380914 0.07106701144519956 -0.12484096073802446
0.4378687004341441 -0.46953042610678847 0.7517187376983822 0.011424364953068974 -0.25522558061307654
-0.47452007420703923 -0.8074916102101614 0.14277162852907832 -0.0016082291357197797 0.8678824857099157
-0.275360328192322 0.7878607906023062 -0.5968514639546528 0.551707502414113 -0.7516289017565672
0.5498958217132728 -0.8479692979560095 0.9702822539641343 0.8633350346825759 0.5817840851866164
0.9672492553612577 0.3091048775178161 -0.9776204685561742 -0.3655221690373703 -1.4922349368141712
0.004214027069657964 -0.043440403811867874 0.30485031138837676 -1.0030727164496722 -0.8213068764361029
-1.3174850761381802 -0.04506460857350145 -0.48348022477567354 -0.9040484654889339 -0.12277608040699228
0.7462701119070322 -0.6791438525991729 -0.17888617132637638 1.2915042546113056 1.3614312318251027
0.44609681079389063 -0.1933529995775016 -0.9805108938007874 0.04118011455045578 0.5076097562747189
0.24107706964028905 0.0205214823496741 0.9931061927135483 0.22161211661232705 0.5542880388038925
1.0041670754720364 0.5109365456737329 -1.370051949613052 -0.22601823409272176 0.8285068229192771
-0.8438682524459289 0.2672182189127285 1.3094469716342427 -0.23698912657797586 -0.31795387470275815
-0.2560048644123914 -1.156550557117103 -1.3337767094257522 -0.02735077232332849 -0.0010612619202439826
-0.4493670081224051 0.23639516887602477 0.1847404304747733 0.2313859933970025 -0.781968338751472
0.35004032639430427 -0.42669382447246373 0.8727501582047883 -0.4078176310277584 -0.3124030040155913
0.024785452698694203 0.6674147004727979 1.0267538051357306 1.5212631913565846 -0.279657628256471
0.4760259428966699 -0.5934991268233729 -0.7139692193152414 -1.0940091122516908 1.2589226436334908
0.3036276512726016 -0.8301280332524101 -0.356263697434458 -0.3577766425391558 -0.5894322638209364
0.6531545561742812 0.11020334863847996 -0.10346248174326723 1.1934065803285367 0.3506239114029068
0.17678009832248864 0.3215875574696729 -0.0017695590386801504 -0.616637652598677 -0.5925720690795073
0.47986881494307 1.0809566199833782 -0.6672311113877107 -0.40900382597529245 -0.8350562846262207
0.9078904730331822 1.0866592689013899 -0.6488043860658153 0.05512956683738813 -0.7243220375678266
0.3513649183886147 -0.1968097921268663 0.6546100534242416 -0.41444407236930053 0.7279615334783236
-0.11350448843059925 -0.574718205992655 0.24870307824176063 0.14779734634249125 -1.1431060145923895
0.6080729986722575 0.8267305617297237 0.45201132393224014 0.5346341986926051 -1.333334633477113
-0.6349019453608383 -0.7151504838502551 -0.336549986475579 0.10159174160576742 -0.1759029261944029
0.4912019741518359 -0.16017363617236308 0.4587815576016484 -0.2099876887801993 -1.392000373136241
0.14056113349258886 -0.5402582043052055 -0.4734915908698876 -0.7497009305863591 -0.7423279693836116
0.3891379149547867 0.12794670363680724 -0.21093213572605923 0.9351066761515316 0.31030278609286494
0.47697594371202323 0.1965917804408697 0.12654909927275892 0.8298035628581063 -2.162978507237924
-0.5462190657074356 0.8739200293587865 0.04337137793761233 -0.10194747715539597 0.7039690806614249
1.6704559976739348 1.7045992161144379 0.576309532699695 0.6783018603378064 0.6768929585074998
-0.37715424720610347 0.3005720400141395 -0.038877666674077195 -0.9168920696891915 -0.08924674117109714
0.7165182153096364 0.4857650140118522 -0.4419637487599493 -0.5231702511862734 0.593453949234682
0.14378622677228997 0.1395801757625549 -0.02891708588209963 -0.6159325171750658 0.6474986965523924
-1.2753760494696165 -0.8550973032063369 -0.5951190447149347 -0.5654486032551188 -0.5782922326572401
0.07353254557534064 0.25246081087715383 0.40503440087682246 -0.205900486139685 0.822550432922855
0.7434908491152488 0.7850355826974887 -0.825708221072234 0.8622501290389897 -0.4573049166052958
-0.3361270235261665 -0.2965443918442252 -0.20527322479909524 0.3970757960293093 0.6573393879492012
1.8888782809431275 0.6097317424635271 0.057462166836378184 -0.1146400030731251 0.3142723294578043
0.1553273924176577 0.31003465756779924 0.39243995091999023 0.6811033330331583 -0.0950509678933062
-0.40229036413323754 0.03989083948784541 0.28407822131867466 -0.6988879038854943 0.539586503722828
-1.2739162378063824 0.8278598579900498 -0.4028294630197768 0.5210651619313801 -0.27232414373314606
-1.1658654240123856 0.5882636112406966 -0.3905689050472104 -0.24316103347728213 1.3729564702087993
1.8995705469144648 -0.06755088220152866 -0.031141646079840227 0.0012572561658768346 0.08027396849115936
-1.3505422540325855 -0.24314562156674918 0.025125955259080637 -0.9086085366932476 -0.7711140972986362
1.0106700394601296 1.0769124917712662 -0.24964199503338907 -0.36816938986015224 1.3945729728278056
0.5243037527884216 -0.15798335993539922 -0.38341164086582813 1.104837042644292 1.0499680580150363
-0.34811254341889464 0.13204459107294741 0.40797382799139537 0.6674302123149337 0.30776223247567125
0.34075855384717635 -0.12693938640341007 -0.5955700944759615 0.37615031331392695 -0.3714570496330143
-0.7856876425897283 0.18867028938893737 -0.0924080019692501 0.38983172547351236 -0.35219343570315054
0.39946428456142313 1.0790501282887692 -0.052920499521832184 -0.07427234220348843 -0.4507442046940325
0.2777232270921107 -0.6673610073139031 -0.24984829847704745 0.8226165203226272 0.3138837771193856
-0.4382145574762891 0.7709217738959669 0.7000232219621512 1.5375684893335642 -0.6228677500604722
0.9540496620282154 0.2147783195259995 -0.017987534813980747 -1.3514776148908074 1.16823551688434
0.6605016050575053 0.43464620423280637 0.4452280176171067 -1.6998880457594852 0.26681255834499007
-0.5616812063642258 -0.5728748235546872 0.29999803863331365 1.599849142438001 -0.2912881064804909
-0.217035338858172 -0.6619718717590637 -0.6019405019668775 0.391610661247905 0.6752678511948695
0.42097239261732455 -0.08306290988096197 -0.2812173676095043 -0.19845106309171506 -0.5093654419405007
-0.10123795404937319 -0.5964377627282421 -0.06992541367719703 -1.0609208620033763 -1.1539898633877979
-0.6865709283459497 -0.9174367629142955 -0.1358485323201945 -0.45566057077713845 0.1482456411221725
-1.180239535298434 0.8444457103849671 -0.18346669292984696 0.24349983217112015 -0.2668753220319687
0.5665870865496379 0.10979803390298765 0.5248580017539298 0.5313865875067203 -0.7474995289005052
-0.30411435251807767 -0.46897689606083637 0.49478880787221824 -0.05497109735721857 0.16613554655016333
0.4063575699994498 -1.4378826628504717 -0.5148442683771897 -0.006971781565264842 1.908599960624073
-0.47665761728595446 0.5095830799402348 0.466129049347947 0.8211863994959393 -0.03968629294508205
-0.20229130439418974 -1.399069609427063 0.8334052509012999 -1.529769912167885 0.9092900330430711
0.2104010853771611 -0.2882306635294132 0.334744730360805 -0.16214528189340066 0.6148861193196168
-0.8773547532180717 0.11711181614218309 -0.6346676872458069 -1.3215308140353432 0.0986172009034409
-0.27793744345713367 0.13806073068264627 0.6112723283791717 -0.8391445405876342 -0.09537471529209851
-0.9414990219554804 -0.29146708819859624 0.04993496805250202 -0.2099133649519941 -0.21225331596920216
0.23429776497772242 -1.2318216696492261 -1.9409404137751542 0.7636462632629865 0.669084278820443
-0.29973487615551414 0.27294244610816204 -0.8847839700151239 0.9078559330335396 -0.5765027119197778
-0.4962577184217355 0.5287920236942922 -0.03632347274722224 -0.2469436452018626 -0.8754849800495083
-0.04944994866915082 -0.1887192211993008 -0.8029466511565165 -0.18914333530971628 0.6317386847422697
0.04857586819916737 -0.4954157412713949 -0.6807004056739987 1.3448520291624526 0.0020739292707814853
0.4651487551989157 -0.9884515298036524 -0.07422922691418085 -0.391025504609729 0.8494023851562312
0.5388586303493563 -0.16315884455019758 0.6266812913674108 0.16949604425839898 0.1651514858852805
0.5269095183509915 0.6073317417567845 0.44051115498686594 -0.19023771324944727 -0.04030364057962963
0.13045060075402384 -0.2014746948811967 -0.7161455893595278 1.5950962137856637 -1.6301672308818087
-0.6190673014777527 0.26020599187358184 -0.07325071068841318 -0.07983706985287195 -0.9089018182852894
-0.772405715130799 1.0106379918498596 0.7153055605036226 -0.8731288618597414 -0.11179481227442051
-0.5827674912763731 1.5854117239582461 -0.013641815801337775 -0.09387092491973917 0.5479866873170293
-0.2958865974948237 0.25415116164702356 -0.5819990256416111 -0.42261020777793235 -0.8589174049259047
-0.4939804105136802 1.1169288286558061 0.9023282948210745 -0.374254496735479 -0.8947873906140879
-1.6046913318444571 0.7057055119556798 0.3086157749370029 1.0619351979107519 0.052940370178839985
-0.22164383365301638 -0.16530602617286322 -0.26116068472364556 0.8383401786997662 0.41761918102819745
0.3390225769096581 -0.6549627418154184 -0.6653638636959837 0.6942602780717235 -0.3715875502895587
-0.05550809610825361 -0.8658754974916468 -0.4012235766296071 -0.002943155054736856 0.7011819576793321
-1.581686897004576 0.6887754854204424 -0.48827592398545655 0.5274083983502994 0.4287594924642469
0.5041120212161987 -1.0879509294949996 0.8893865009994458 -0.5661779181467915 0.38117104364391985
-0.588097512302029 0.46145266525159756 -0.19825643257239128 -0.2712893881549824 0.03348192123057746
-0.6992361108623019 -0.5585797500800422 -0.19175637567424642 0.3952776279696613 -0.9451080095652485
-0.2704603743866165 0.38687977535916146 0.2951762162555667 0.09935895434447058 -0.8175189006246296
-0.3198747611446791 2.0035667673485684 -0.4762580846026708 -0.9574049866139323 -0.7117299184805516
-1.5936667709785024 1.061787799891649 -0.2972267389817553 0.562328743823848 0.5794771288408951
-0.531643658943659 -0.23062986208311126 0.06692197988604771 0.9719187015718197 0.044373219479263364
1.0926589839109015 0.6166873866091809 0.1074340577398461 -0.044457786807840446 -0.3718303270845491
1.0649990625496066 -0.12519696286292908 -0.5566371276773552 -0.05617998187907194 -0.2842971487889665
-0.7207628446614932 1.028843006202161 0.30501821651960426 -0.5878605489767946 1.0142156848151311
1.0935589434824353 0.5784007489548252 0.6469961019236066 0.05697371941499041 -0.07571514105920975
1.3458733683770476 -0.25578963062295096 1.2313060333610415 -0.22778271866560587 0.8296698573864886
-0.8846229170979723 0.3951508467820015 0.07960965087102682 0.46109319511506114 -0.7872894144659476
-0.11520383052340594 -0.1591369537547786 -1.482761018618688 0.8146638891039892 -0.2042034312072447
0.04716346794199093 0.0070579915416884255 0.6722951799085906 -0.6328004096134905 -0.586112678224051
-0.7308388890265627 -0.07685986149711473 0.3344708731348669 -0.06010259841426527 0.129512980845822
-0.08084956083469216 0.38058643897145844 -1.2485320597632341 -2.298501420845638 0.38199718526540666
0.9640031068758691 -0.6010722379179253 0.16814449251568092 -0.20590048249135676 0.2765581512641375
-0.569870756464798 -0.4422506431673183 0.3446238042175077 0.48477284992599873 -0.7535708564890723
-0.5949486326120517 -0.6875549779606046 -0.39253783878170806 0.1825701560382721 -0.5513907616908768
-0.1900744362137621 -0.047349565398364796 -0.6031988491560566 -0.2876250949535241 -0.8649276445509398
1.4427933174960554 0.2777871424496859 -0.03514295509287126 -0.9308915414683007 1.1163565544439007
0.032115457901178854 0.6810159234638693 -0.051280136527218204 0.29854491816719964 -0.8998024165385321
-0.9757608824670125 0.18040628875373646 0.3404780966835628 0.37082445663051333 -1.334193925430107
-0.3668991674541899 0.3426786575366592 -0.6225577447357415 -1.211374649493497 0.10979859266497197
0.08694511781719302 0.40707758934850885 0.38692818849160904 -0.09691983445223716 -0.44961709396724303
0.10605635656261109 -0.23092597437082443 -0.48447353287828443 0.13410364319174337 -0.3547226454601224
-0.2440581958782146 -0.5020757499589187 0.6745083599305617 -1.2679467978430095 0.5641249702797135
0.2599342109504775 0.6383693181165115 -1.0092666953275045 -0.06660111282018552 0.718272807894616
1.315169738613099 -0.1321974079715443 1.6776703834388431 -0.708870030740111 -1.1229240439380053
-0.8708137909817121 1.271785062473104 -0.41805420520079145 -0.06699642488191924 -0.9155435982959857
0.670983510558817 -0.4998764021436321 0.6745910265099582 -0.06396526099099693 -0.396992538644707
-0.43777667109786816 0.10795208764211876 0.27433543717606645 0.3780850546934626 -0.013460467751200446
-0.12269033812791535 -0.307618299462851 -0.311117990167305 0.009121670326980904 -0.7285752527043957
1.9605760145300217 0.6750639227891124 1.0737180144742726 0.583078783940818 0.5897553866878888
-0.14469032384424554 -0.26227884547224445 -0.7868280627400539 -0.3395056116410053 0.26754186021964277
0.18273497972245006 0.1365391060648473 0.10738998852230275 -1.5403668851089338 -0.12260391252668396
0.9310964930476494 -0.6633694232564283 -1.3380023930317833 0.711024715911778 0.25937157873283423
-0.6996402762854207 0.23239789627083718 1.295063708554669 -0.676915968876938 0.08424924453782201
-0.6273697787613874 -0.378260918243488 0.24833765859709706 -0.8327592452479853 -1.0072149303321514
0.37355717779396425 -0.8105202121615921 0.24144554955329767 -0.28252753742167963 -0.3905789418965617
-0.6582337837294563 -0.1376268767255957 0.5144801022078058 -1.225603886724636 0.10444685488838762
0.5102649245201174 0.4235920021999754 -0.6890877715753121 0.1964562943480962 0.8802022596500914
0.3225693065179754 0.044192690771194434 1.014169775214605 -0.7783180128647549 1.0174868328476319
-0.5140212332226526 0.08568684864233797 0.8528918530726187 -1.7760257260503225 -0.1883547587076145
1.2214381322069177 -0.6919367355330884 -1.4452209048891551 0.03770240479939742 1.1096843089350432
0.07872417203689722 -1.0091324315025478 0.35007352339233355 0.14795105965753808 0.27886337893442326
-0.38766422178213905 0.16713287758905668 0.38455005202379156 -0.43117647134862425 0.09711928641470058
-1.3992299150331418 0.14647580732322998 -0.6050749250973353 -0.607403073948791 0.08010001481474188
-0.8034977329482469 0.25582633274085936 0.6642094426382587 -0.7933775270812292 -0.6682725665272089
0.11433633224027306 0.383172303533631 -0.3929339496793587 0.08696369699599958 0.7377382535175635
-0.3066595839470731 -0.10358152945687453 1.5177920227981438 0.35163603160058143 -1.1185554447407675
0.9168779614333048 -1.0100620504491402 -0.45897677883651067 -0.9386178048793804 0.5261008638563723
0.02734102862847025 0.6215184258877252 0.4021372999477681 1.3998594127941792 -0.8451345151718728
-0.03048310661002227 -0.8098083515982326 -0.08544843103529369 0.4643092608781561 -0.16872400208771646
-1.1384354488338306 -0.5635755092458132 0.3674181664433782 0.31210924714454774 0.5765251834234004
-0.1732259988322793 0.9041277334338254 0.01173000204762506 -0.17445807592249638 0.37870862411407624
-0.8500741431131384 -0.22251428529982645 0.5118063012363482 0.690186418942527 0.4754650919019106
1.7185575523302956 -0.4569013272229545 0.976499672442887 -0.15446389866798274 0.20661912221835046
-1.0957833919177506 0.31946391556004844 -0.5390719630594871 0.7518040791543418 0.855624930492044
0.7961535643892078 0.9524714119957736 0.06549000136461093 -1.2903494425712085 1.3675434251438403
-0.0006617761747737377 -0.02796425960071747 -0.2524235474614106 -0.7996290764303772 -0.11609390660195165
-0.3430389812275557 -1.1975478229752825 0.08774585808235787 -0.15725643110949494 -0.499407228668431
0.7988040412795522 0.4801404355662489 -0.21373220199875392 0.6871027364577557 1.0254670996407498
1.3298372150976643 0.19070864810295984 0.20363232357598848 -0.03393523271358049 0.3039783444423544
-0.3714838420794398 -0.13211531245656824 -0.3712745095040808 1.269230718008385 0.4278142202726586
-0.04356696650296648 -0.7630717722591178 1.1823220575098885 -1.2514597042603746 -0.3279635370483796
-0.5535370540608415 -0.2306265791040219 0.9926381194050985 -0.8196418862504564 0.15517987587563875
-0.5136491846383723 0.36867539368077584 1.5919920450029266 -0.04576787589538266 -0.17788593688442572
-0.21665675321279546 -0.8307629106115442 -0.22231813785457727 -0.22167336205958404 -0.6495645003746726
0.6807508203496346 -0.008449780645669824 -0.6115963986746301 0.697700015555301 -0.19874256786514752
0.3822298875759363 -0.24923687171213818 0.2585852169808604 0.9406143647133546 -0.38160912033569494
-0.7060904704860211 0.5294639073082477 0.41276453256816154 2.2309353350583203 0.916235940024509
0.481034931179267 -0.6245789945408122 -0.10842850012963755 -0.04114616671093429 0.09098467398075888
0.9061878142342681 -0.02039760545120489 0.6626481650641654 -0.40778987849667736 -0.7099765769639322
-0.890723019731781 -0.8022578907507859 -0.352266343224561 0.4827406675665499 0.476108984479255
0.32874238939422645 0.6445268616579465 -0.5942653225829693 -0.7789749754435968 -0.9254755641233421
-0.07340482980986505 -0.01318683789520777 0.5940317548242783 -0.6832277832716528 0.03462072761090384
-0.45309445280173005 -1.5569705920466612 0.15589446275140942 -0.47104068711699865 -0.2672642745395161
-1.267336026190769 -0.7341891628310946 0.6976114922926266 0.875249178369941 0.6908281972733452
0.5101490348091182 0.5622185848009643 0.5450402258133047 -0.939045853946675 -0.7591827488975491
0.02198025246865618 0.1260358281314413 -1.1655492002556538 -0.09875883714173539 1.043895101376503
0.21388740006669146 -0.5637474561255319 0.03800663302640733 -0.16534888298214936 0.273202771082563
0.2605943690945881 0.08420269553653366 -2.015212300904865 0.1178062336040811 -0.5690972244590993
0.22918018980673946 -0.09914682969678913 -1.262203506794744 0.7781376747988962 0.040708922483903315
0.4008644619431926 0.08676456607207116 -0.5017641572535603 -0.5131953470199018 1.2954267813877105
-0.21791299725210314 -0.701071411391528 -0.04750839167153621 -1.0141695842171246 -1.2715987962249433
0.47716727742767934 -0.590977647653559 0.22370633235130732 0.26058458293702264 -0.38800896792897793
-0.09892500728157064 -0.5516367297425456 -0.03202138689560814 -0.8246026512478282 2.0155032829883943
0.4944393732102497 -0.14183499913405598 0.517085091680278 0.151380274811646 0.059190891322198326
0.7506193739603809 0.3020347659638907 -0.21060390274182217 -0.8688200468390511 -0.1689568561042535
1.4089317057112203 -0.2149561266437785 0.19196001816351368 -0.7882559991654058 0.12223424024461588
-0.7011643431934083 0.39589090719068676 -0.15005102381236773 -0.13006596214426772 -1.2159679963994778
1.1094706239504721 -0.5284179286513131 -0.660399363926164 -1.0910880331465258 0.26718135086537004
1.4172658470315154 -0.1463962947801016 -0.05006729583858364 0.6229622044138332 0.16550906970890755
-0.3742550328795673 0.030441188461537032 -0.6931670737887278 0.7116976266887839 -0.6746970330980543
0.6448835570840101 0.1882487573908881 -0.031292391967473125 1.121017257016476 1.477752501487757
0.501359117192701 -0.6986436197421536 -0.8240343710516027 -0.3704673622641124 -1.5114674563939337
0.3905052247899184 0.7680834437457503 0.16616738485959592 -0.2236418815800872 0.997106980002911
-0.42960876851289403 -0.33107317722885427 -0.5765352675529815 0.48751400188168625 -0.1210950669584815
0.10092999750407342 -0.7680126248956497 -0.001037329144063905 -0.8352511914065414 0.09170309767984375
-0.31937170748228877 -0.1806985974192215 1.52902108131386 -1.1554558303364473 -0.49930980435711625
0.03786362571860934 -0.5863186994356355 -0.6599617737340155 0.07775797304665288 -0.7315711091402606
-0.20808806568746738 0.1305015147481597 -0.5098207117969689 -0.11342910920602894 -0.917472003374826
-0.7969164374441726 -0.12593103888272217 -1.6158443955100785 0.8305309254636751 -0.44478804853108533
-0.5713982013523536 0.4593479611635377 1.4720154126231413 -1.521995002001064 0.2832678448296161
0.0394092013614313 0.5111903585383843 0.5024242087774382 -0.5660323133130433 0.5604040066427043
0.34282014685027085 -1.0869967141373214 -0.12195078760763095 0.8519964099696048 0.7935416304306855
0.43550802228526453 0.5988819167346228 0.9184788477566223 0.09297486674582682 -0.5907387181671603
-0.25365789463995947 -0.3815945303105396 -0.3125455965960011 0.541971470212233 0.8591471033759457
-0.3064737061430656 -0.3946472627406147 1.1758877531669876 -0.36156567944582413 -1.4730832587839042
-0.10495640109143242 -0.38618696659987695 -1.224011760998619 -0.3272727268817706 -0.6042457856417541
0.6385252454415145 -0.22296215912340012 -0.51216809404166 -0.15139750831945728 0.1573243492433625
0.22160417604136134 0.6190129520669074 -0.4386677158802015 0.8052435625452856 0.5956547630625918
-1.2472352731916603 -0.6649873139008171 1.0207935222393878 0.2338365464637235 -0.6751855473050636
-1.1447040584644617 -0.7858929652024838 -1.022595826231354 -0.997922750849188 0.1505754440871172
-0.3266009572397899 0.3555405531254086 -0.09855695330846642 0.5360279927059959 0.7038256753467087
-0.5643734671599926 -0.7132138418987898 -1.230821591320521 -0.6640795627408017 -0.6458363636135539
-0.36806318556787404 0.28490448877553476 0.3735515515172582 0.5105922566663952 -0.07449498217126035
-0.264968432286446 -1.5738873104556752 0.5117396318984949 -0.540340449292864 -0.2605426795711592
0.18215705910761393 -0.6659439071458988 -0.15415376729409286 -0.20195134460993336 -1.239308023561401
0.7242053689659186 0.5844691922337304 -0.6548352186190609 -0.8626353559582971 1.534423289623333
0.4139492380190952 -0.08977740982751066 -0.35864983936372447 0.8819572574117408 -0.1954738574995011
0.8533136849511135 -0.5517496464379584 -0.8020067149925942 -0.800190514421486 0.6410451267585956
0.5117171042249081 0.3589885577626584 0.4829235017383592 -0.4450544844716756 0.9304168563383663
-0.7650967539298199 2.076714378986696 -0.07272498107109937 0.3862480019806907 0.6723017950291371
0.8604451998444187 -0.5088461994499139 0.5834796153667541 -0.5725074645003043 0.14975662306631504
-0.7644381961515423 -1.0412119570532332 -0.049598302521906064 0.14494353096922086 0.12002388790818194
0.7200479749155201 -0.2187247416591587 -0.4262020725804662 -0.9220132793461034 0.12750937852934927
0.7615086149953689 -0.7819433626775898 0.4245112567255584 0.34895880004554786 -0.029787112331978508
0.19434701871817983 0.6400345364433881 -0.39708197328800693 -0.5442112866126334 0.05057139912766752
-1.2078836723877509 0.790327765514736 0.47186509571897306 0.8888601895732482 -0.8097962184162885
-1.9849755730225709 0.027021577166884605 0.7989134182566519 0.5326715798904185 0.7160963648454453
-0.19514163473003188 -0.588018713420351 -0.5139376884086702 0.09661663469815132 0.3607055502266767
0.532313304815491 -0.3211435810822159 0.136528024861737 -0.11632254428568801 -0.8784934565576226
-0.32788260759577037 0.11649448829283408 -0.03739937209824946 0.973048896044611 -0.5105629513501144
-1.370665228742641 0.4427493062765818 0.29200685786723846 -0.28977083089609434 0.9552255601905905
-0.0035543454026834703 -0.024007881760180195 -0.23337075090924753 0.3822497512771804 0.46625408124053697
0.6865322322823102 0.3893193806531479 0.2630854959327907 1.753802331736039 -0.1513538877073982
-1.3265687636230323 -0.9205927599412123 0.047185867060143855 -0.7903768507475528 0.28175588530275614
