5 120
0.7812142333460986 -1.1463109147149784 1.3293081223499958 -0.5696888323677176 2.097635452452656
-0.42267303188818484 0.3222936178337123 -0.2527730531478108 -0.8425636210029336 -0.40556101140887374
-0.44928862676382636 1.6598571758369678 -1.1098305369540207 -0.9877036781050765 -1.4017022093477014
0.5726352831323156 0.8133048900783205 0.6429982274087706 -0.6150477817302247 0.37259757607263927
0.7479748720207205 -0.9179319548241184 0.32677877533908045 0.5130639873940074 0.510416548677876
1.5878667634475516 -1.123740428424281 1.627673797246016 -0.15722140068029503 0.07134296157193054
1.2472790736412431 -0.5835805984900863 0.8508525091520127 -1.04787381880927 -0.31796363304593045
0.6082828061827344 0.5727099200636514 0.9811366849596941 -0.7763648649814089 -0.03517628562226866
-1.4519364797709797 1.2442197194917013 -1.4759090653437228 -0.09389965635290551 -0.9393171114629884
-0.2645614184229056 0.6713505418251515 0.25716277617076416 -0.9266377085062062 -0.006540664833341546
-0.7275385994690652 1.0622403657433217 1.862655629753471 1.1859249304306017 -0.33069585797106893
0.3849783687612822 -1.7918851620374627 -1.5014625261985914 -1.3691656732783413 -1.5360746331217563
-0.14644165872618894 -1.0114397389049299 -0.11522077918372797 -0.30093685474303866 -0.5691387510238977
-0.02198826900383849 0.27736200774173725 -0.006182157815721663 0.43654431423765605 -0.25544933768728373
0.6068851784754694 -0.04716110949321651 0.2820054644337795 0.6467008972902016 1.2466378934948124
-0.45935233058626573 -0.4010763852951135 0.5628409169009048 -0.5123565165136017 -0.7382548914805968
-0.4948085327046384 0.9629462325960778 0.4653562473164678 0.48692752979464515 0.9845170532779537
1.773604268930364 1.179690851863515 0.5410667446060626 0.9727692724892161 2.303880268174419
0.47328335751686 -0.5646356208342171 0.17899943898690457 -0.26142714751008855 -1.713167525432487
-0.6347390287702473 0.7518140079876425 0.06780261098745177 0.026278636005388562 0.9956906405209204
0.49723039799490903 0.3493042955705722 0.4568222621942095 -0.2663219447708702 -0.31347813625695276
-0.6094003464064144 -0.8709152685447347 1.8618886703793822 -0.5623652209857665 1.711806832969362
-0.1897929343520623 0.6168225174541875 -0.30874755816079197 -0.5108589208157376 -0.4651828144330123
1.2505352576985755 1.3036299548014416 -1.3429874173203384 0.19060812285032622 -1.0008053229520737
-0.23487355885412162 -0.053519016803774556 1.5114517741712603 -1.6198450726816795 0.26035916828732075
-1.031907962601692 -0.9045761022591582 0.23950121722074288 0.04215437755894705 0.9544354012959831
0.2186381148392359 -0.30790314709088956 -0.03440415447435254 -0.6172544171966853 0.18727493468647807
0.1639511217683744 1.35536748786981 -0.5020696957250561 -0.5019117553029732 2.52467194362561
-0.7183043463485153 -1.7428059268968612 0.20491581216075969 0.42516920511429895 -1.4991973027071726
1.0033113523169326 0.5226658250735511 -0.4264103086357315 -0.23614535021261066 1.011142811846907
-0.8123426393255244 0.3064645009605829 -0.6491124175063168 1.2367442453159219 0.9764564409530282
1.5518091522558786 0.5397227013566959 -0.3599202200866653 0.32037384756472187 0.5083303717640447
1.7052987104252026 1.4878848407287149 -0.4436220913658844 2.2374452842908443 0.5905375612766673
-0.4469508604456246 -0.5694217977868501 -0.3601035301378699 -0.467772014409855 0.15228626959171546
-0.818683900058023 -0.2893990198651745 -0.01463601704118673 -1.028585416815558 -0.6991517027436126
-0.5620926416074841 0.525022657451295 -0.39467785330032906 0.25085847001848566 1.2167091178580292
-0.8193151523967468 -0.29308143529644565 0.42518644065814165 -0.06365756205710395 -0.49029046985411895
-2.5565220372480826 -0.7309300792795994 2.0679392951032503 0.5621594433543339 0.9600716448353734
-0.344681016798688 0.17493557903159446 0.9106616655398044 0.17536418822273409 -0.34013923347826647
-1.185797657126014 -0.619553059545704 0.23045164858927683 -0.23030526825789396 1.2805699539879367
0.28883768745300137 -0.049823369051504404 0.6181910345590238 -0.017097296281488525 -0.7841757044807354
-0.490973939806925 0.6073514236812371 -0.274101267141213 -0.1167029468773081 -0.8557835450100297
-0.8280926701347315 -1.1546367863787375 -1.7665298938762526 -1.6021233434990871 -0.03918764626720126
0.5529820812618486 1.2098714301231435 2.014189950484102 0.22327148998587876 -1.7722083936183284
-0.5803561533635049 -0.5248746806249596 -0.4779475668051106 -0.4443564020459307 0.6639783289744203
0.34346824843070334 -0.2977068650763118 0.5233135093446422 0.15772564991551308 -0.3807293133720835
0.6880993659588612 -1.235667111230837 -1.3464228644681724 0.5563326819450296 -0.41091916910110593
0.7181639710647072 0.22563816767155598 1.032729475029477 0.40183451447529045 -0.47744608834717955
0.42788248015988384 -1.5670115357827654 -0.22791014110380886 0.43369329125402784 0.26461997656849845
-0.36476297358546533 1.649694020896896 2.6135508571502264 0.40683554118716 -0.9770071908774601
-0.4578416308501248 -0.3256533579953146 2.030279957018151 -0.058472716813759325 0.042001539149541765
0.05545848870768805 1.6107745239842246 -1.3231714268319597 -1.014654511964498 1.263939105173135
0.3374228265898572 1.0442016440217943 -0.6704658578680366 -0.31435558901062066 0.3808865103101132
0.9066869177500986 -1.6677363696097955 0.8323186236521033 1.3156606245656004 -0.9296821686049339
0.4863709237738234 -0.05842183136502775 -0.017793949107987653 -0.38727209187336 0.3473395108087796
-0.996620213526665 -0.9025913040143361 -0.09200420214557219 -0.7260146750883218 -0.9040842710220843
-0.5915201252056917 -1.1727427845763632 0.21949631572897305 -0.652590221684377 -0.33020588937961864
0.8127266827844546 1.1559563442865883 0.016856023755918246 1.9447026201495201 1.1192761012332293
0.41331836810224803 -0.7210273768294714 -0.43469803166101917 -0.605454959097646 0.15257843592573808
0.8821473616393686 -0.12338789019346179 0.2630649746085198 0.8412267543181112 2.3189955289801882
-1.1542356183996563 0.4435827343209239 -0.6953056150758978 -1.641037754992421 0.138187795278861
-0.8593379683593032 0.8719866850764497 -0.35903567142796544 -1.208766733779629 1.1051465816917252
0.5206146209601996 -0.07904420440096911 -0.04484199006185133 -0.7016267504322932 -1.3696161937828781
0.3680283004754555 -0.597243598153655 0.7680754330337484 0.2891222500738219 -0.07446684941740446
1.4667036579897224 -1.5914758875709987 0.9709824167186143 0.6785835630242918 -1.3332975952523471
-0.5742338335844701 0.1258123407262169 -0.4748868759442797 0.3556457449258736 0.46999322821391687
0.32595186034471957 -0.950928592882945 0.39880761809674 1.5102506908353064 -0.04227766050896565
0.5910738991257456 0.11006344076812585 0.02518287318865866 -0.5956892148927405 -0.4862287422696365
1.6413837044754995 0.6419981078017971 0.7239149018708694 -3.0945745472683712 -0.18847734330170518
-0.43732455691880984 1.3996239347879966 -0.007070308683221298 0.015351841976473558 -0.0399191349635314
0.3963610651712787 0.8124913043321208 0.5910695240410361 0.7208944425476824 -1.319197853623811
0.4140698429825865 -2.8148329142424844 0.2902152546083084 -0.6570234798625529 -1.805731297620997
1.1266892335217558 -1.5580899519088924 0.22685479152463528 -0.11551501159875385 -0.8971467570205666
-0.2531163930018083 0.47875706552741226 -0.4401216105387349 -0.17763026069898627 -0.19291770069862466
-0.36103397584732044 0.0039038928666625472 -0.20492914318578265 0.08336284252665457 0.3445304660941491
-0.2571922695926289 -1.6641092036246667 -0.7107562575202332 -0.550334010558323 0.2103451827995405
0.5107007544806854 0.2936153012570375 0.4766938883800177 0.17959655339528663 -0.3663254455204164
0.26037664393960414 -0.2490128059331275 0.35856223246655217 -0.34196575583074523 0.48760768546416333
-0.8504415540198513 0.5805266436614425 -0.07761779771224729 1.2422840683893654 -0.7777310919032993
0.30553282908344076 3.2983855579499477 0.8471731099630422 -0.6601691850010651 -0.5798938544875385
0.1566343057126732 -1.569402716361795 -0.11311687698554695 0.8070939368325578 -0.6361858801520406
-0.5911358268023766 0.3242767739777344 -0.9479447157451976 0.40514268026694394 -0.2808592073469226
-0.4895202469654927 2.2627120842688537 -2.028997690487168 -0.9290175014301603 0.56184242561347
0.10777628057260477 0.7349810891443124 -1.6775625306608895 0.07665873491466897 0.34892840019052895
-0.05029555118486253 -0.31832398036927184 -1.0505235424194597 -0.25863055423136244 0.37765020561686685
-0.8743083959488845 -0.5373664816130013 -1.2950904209220226 0.8071138726234055 -1.3596227904083256
-0.9178857814648678 -0.4971978864187229 -1.0313767313772608 0.9212682906024712 -1.8256706341064972
0.35161021156579014 0.028939540881442558 0.2973768053524775 -1.256405724734274 0.2801537882087041
-0.38406580922047323 1.2536172741074163 -0.37284558913909177 -0.21391017882903607 1.9010761513998131
0.02858549345048131 -0.23966270505169193 -0.7666437449195805 0.6516319135487296 -0.8331871692919267
-0.3824380582258582 1.6706558395301747 1.0376604385963288 0.3456879948404941 1.1524304917357433
1.1157309146416483 -1.8566333414515939 -1.153978518255274 -0.12612564147177818 -1.8585015196728307
0.2476078270959156 0.12506287719864256 1.4111354073670395 -0.9916099622117625 0.6885268584037809
0.19841519688357942 -0.4659318712565641 0.629509329467051 -0.3890922442297612 0.6649416901685042
0.4140437541048839 0.008201948692585729 -0.1746228651816669 -0.7341472872720994 -0.5003085966267907
-0.871645118768414 0.7177881886506509 -0.21385535244937523 -1.0411232840012512 -0.7355225493382602
1.0525172768479747 0.5328700900020519 0.9451699377882672 -0.10178934484359238 -0.047851647629571406
-0.9384936080863233 -0.5105336352480596 0.09419421240140322 -0.6833467630180525 -0.49370762697288945
2.1808580375333904 0.8811214226656264 1.5961106670416563 -0.20835817669109286 -0.9889422951091762
-1.4746028154011999 -0.9891242348772181 -0.8597870713261266 -0.3686053362561344 0.6961193419146445
-0.5600989963542956 -0.48577734330898986 0.1580616732758461 0.19206760398334422 0.6055504556165247
0.08321673514596735 -1.1046402739612433 0.5917878994380293 -0.17929927579401317 -0.5944130716516861
-0.6128985566731818 -0.21320167308019175 -0.020758102070793635 -0.24011148232570553 -0.02911326300277988
-1.6787750917581121 -2.3728068784924443 -0.17105148349777036 -0.43662341941635824 2.4683351597389187
-0.17944367999226982 -0.6958066829496775 0.4383096803280958 -1.2793280852872662 -0.4370947223311171
0.09802100437322864 -0.517651333032 -0.6885708681873417 -1.3733163631001815 0.5624265828582055
-0.18369506687479573 0.9258647782417464 -0.023380883971957915 0.39384980917636236 -0.5200011354775792
-0.5401074876462614 -1.8895103771300326 1.3302551394421325 -1.7118068988171007 -0.030154980630295106
0.11552582035018764 -0.15984044799999195 0.9239883685167158 -0.025744215363567607 0.08687267919105007
0.4493030316064712 -1.5805119624129453 1.903232725368498 -0.7994075728551715 0.1500277040430574
-1.0979224982391675 0.23095906275119393 -1.483808326138672 -0.070662740602656 1.2055081010954565
0.07754735646487272 -0.04829018436336374 0.32654657304071405 -0.25482655683095423 0.14433793638667747
-0.23285236121827266 0.9392446092581339 -1.0134581770590214 -0.5296400145037421 0.5879755826923082
-0.63702308671137 -1.3952215541164361 1.3371635466141318 -0.5427781570394316 -0.13369401772954428
0.9441289216961235 1.4723615859243246 -2.2199116053056813 -0.510341578752887 0.5555173066434376
0.38640126465736596 0.658201203096193 0.5208058148676566 -0.15742947046236072 0.9326810989577644
1.4326582404345705 -0.33435183464496826 0.8258488618080414 1.69091161960096 -1.260596656687384
1.2366837596592906 -0.38583101432390604 1.4858811918470298 1.213219768523473 -0.4206757058968133
-1.7821180728341965 0.13527920179950395 -0.5709089574832655 -1.071613496610433 -0.3284063704421525
0.07497567253432753 -0.6594492111520818 -0.32637754637488237 0.7186459852327536 -0.5481900397761793
0.778120860080639 1.1496405234414973 -0.5790709943961532 -0.5127236135592874 -0.24409164304601913
1.2603534102020741 -0.2420841097362503 0.19893901083392063 -0.7945771370917376 -0.36148790557791066
-2.036500817406366 0.29798744906693714 -1.0086394320150438 0.6143663246739363 0.4533142442033511
-1.5632833817336418 -0.3170561792959515 0.8852488513813176 1.4982270205437418 -0.09757029654397284
1.4755544386924728 0.29501081179249433 0.5155699603900058 -1.2823446932632516 -0.3026209375346053
-0.5387495242405794 0.3170401680865584 0.7110542803949398 0.22711570109453438 0.5450441946280012
-1.8416440465214332 -0.28560899860396355 -0.26932862019132814 0.6558102568191194 1.0675387454383638
-1.320043898938349 -0.4389454768210376 -1.073682219928453 0.9603685888952948 0.5623556614974309
0.9325354400707734 0.4894220130050817 -0.16398638777375596 -1.28199894806652 -0.349630814085818
0.6352753359057527 0.9584227834789079 1.8495764393101073 -1.2491739989262727 -0.908861700754008
-0.8267750304557453 -0.16046940114031777 -0.12994777649055417 0.39203076945617066 0.009112758334685703
1.946172295891268 -0.5491155274473544 -0.021338539990880673 -1.3959661248127997 0.5415608102591017
0.4433246012825281 -0.19223414477161826 -0.3473233059888219 -0.131371072516368 -0.25921238862699025
0.7367384210436307 -2.061052025011433 -1.1704013593494365 -2.3229875021445583 -0.20607457268593862
-0.4036704594749203 0.14990277307426048 -0.8325763499757445 -0.7599512900160392 0.11338494747876846
0.9947468020255538 0.9828253735776128 0.3040766757816249 -0.4615042252897587 2.2816048321195277
-1.6867482931724338 -1.5618554413020036 -0.4010857162001121 0.7762012625058514 -0.8056391895490747
-0.1896484934201912 -0.4116862714614832 -0.4298531111359092 -0.3491223201728525 -0.4391218885528503
1.0592417908483147 -0.3222046100671823 -0.2476635446101585 -0.02595545136703775 1.6946013215991502
-0.5169577213992238 0.3511351709659476 0.5427441530834612 -0.07376757711914109 -0.9999254750818934
-2.922090200489825 0.1755637710954127 -1.171272795554117 0.07458391864645916 -0.9180686902978656
0.39232894589133616 -0.4234623272606578 0.15490310932925333 0.03195255801995737 1.950770583067098
-0.20857017484735357 -0.05506912520900237 -0.26432850724447954 -0.3336608019684227 0.7288877180827666
-1.5083420218308077 0.13103717720992525 -0.09967174841771391 -0.7349953911248209 -1.1507667049421788
-0.6119376714006706 0.49203476533263857 -0.19963060366540492 -0.41527651085130546 -0.10169923981093751
-1.3064647377468808 0.3744695521096611 0.17239310247804515 -0.19332498056644584 -0.04888421802639451
-0.5866733905217725 0.34381918317409926 0.08943370448269704 -0.21507681852257232 0.8357532930097538
0.3285869565606239 -0.946715785600793 0.4963245884862362 0.5534899025772101 -0.4139834534057107
0.5663416304791163 0.08734970714201 -0.6418526906211197 -0.2572228069583142 1.3465440014870076
-2.359719985503721 -0.8226878531285564 1.8872855542342792 -0.6948265269065308 -1.7172575610927316
0.7348422123148302 -0.201895658296266 -0.230059575341851 0.31507496810201213 0.7045243610020915
1.1702538458375111 -1.487923779735929 0.5072473254858026 1.071259022387898 0.2838102517425031
1.2296395044707729 -0.25989682254013863 0.7380459953983272 1.7040089231314142 2.390687116248945
0.3862653187258833 0.2703417401067992 1.0154729651509973 0.4731368739162684 0.83473500979979
-0.6735268941564788 0.9906186696434607 -0.25393876537464505 -0.017646500224364495 -0.05532354068916941
-0.3295077710095859 -0.2430419902464655 0.6366668181851378 -0.7115730488257881 0.22251868226149443
0.7847384184264034 1.3774115640145512 -0.5670698706064526 -0.03990874782255373 0.3848925989173817
-1.436377792484838 -1.77464827274309 -0.9000361485772863 0.7037598772471159 -2.3718270344280263
0.6423696982813161 -0.48938008214564604 0.2410563601850817 -0.8975086474835726 1.127221240323962
0.914936854468255 0.7229424256468936 -0.11028372921295308 -0.15723451720987683 0.5279068398210811
-1.4387127617026974 0.5035219653972016 -0.05886300039383322 -0.718968903155414 -0.1378537941534096
-0.43728937008170904 0.2668844234504056 0.20527418874141465 -0.3418339011704983 0.45605663730743845
2.809751303373249 -1.2897394295638782 -0.3315916999210041 1.3713729892164646 0.7757232691173117
0.4621618166382783 0.051983446510362984 0.23922117542102 1.1245573856521807 -0.1663998301108029
-0.5591508496988984 -0.7840747122419497 1.0930713653468656 0.11253876798394823 -1.1725758970069047
-2.000531996438542 -1.4234514192845638 -0.08411790103332212 0.052987440249697704 -0.5140786215290611
0.2928244120554213 0.3390858778449504 -0.3900851038997622 0.013964476881358462 0.582747496201287
-2.0027388219722186 -1.0500728500418894 -0.7519343349692452 -1.4606762781807652 0.3030787639832594
0.09928836135841594 -0.8557316792076994 -0.628479340057804 -0.5061818289334024 0.9029499295893336
-1.759853954809657 -0.6417123443783002 0.14375203382098886 -0.08695216702070722 -0.27018016782912174
-1.4833507336056244 0.19751542497704258 -0.6977201879753507 0.27967181709621136 0.5562176786976193
-0.7593247243827744 -1.863791512526339 -2.1945086311606303 1.4262773008059613 -0.4741048697178747
0.33532961552630763 -0.324051691458225 0.5992053902564415 -0.3921914173075941 -0.2080069330733152
0.003096402565731494 -1.1617804862229257 -1.1326183954041413 0.3409419292099232 -0.31479465194087086
0.2713844332900528 -0.5650488118870645 -1.333147093116821 -0.09525872480076025 -0.8238163825824352
-0.6261935012484867 -1.3888024684460925 2.4246725656569974 1.4600717234900322 -1.7219140571952143
-0.9852576501857601 -0.733294064663444 -0.3535261168816407 0.42748655184736206 -0.08132013414468127
-0.11010814165637708 0.07226513907664689 1.190441432849511 -0.47967973703405065 -1.2869790115865554
0.2269786577225861 0.13527962275654762 1.1306597489303105 -0.31710494349398555 -0.39630228858193817
0.1898726756763958 0.3624942874983527 0.4771944253193666 0.33540318409431547 -0.4055776053201928
0.3625772314002644 0.14268000925290547 -0.6840466901160878 -0.7759079721088901 0.6252782991068302
-1.758119886807231 -0.09321243210406496 -0.21885400066678534 -2.247126743391919 1.912099065719861
-0.5743169723426644 -0.10137449487049256 -0.07040512917547116 0.1898132683325935 0.666244793318502
0.5449384026510246 -0.6163184867666929 -0.8430949552468097 -1.2578262229327146 -0.19460732373597542
0.9089441739140935 0.44010611990985493 0.5192169956265873 1.411812112556258 -0.370283403158418
0.9920032677152822 0.48240397059231127 0.23795137540775022 -1.8082042294617744 -1.158203283481741
-0.9892564320114886 0.2735752060504279 -0.10344447155144508 -0.1913812595889534 -0.37577386014920977
-0.28247680632632693 -0.86025838973972 0.22857716791961777 0.7705112938777071 0.8996681011294455
1.1332554421715904 -1.3684250986990598 0.08295874605355108 -0.907591071829067 -0.7985366553229563
-1.390627210497436 0.050455501968886915 -0.6278293118159849 1.689018442694283 1.2281345894628513
0.5225729889510142 0.17120508572823223 0.662676544169606 -1.1375514451574311 0.9464849645051224
1.078360558712331 -0.09256977296459602 -0.10166602686503118 -2.408120589437866 0.9399827700912263
0.5251774699461854 -0.1771725019188181 0.23252038972348651 -1.1015582163840771 0.9981374543813226
0.18002135799643051 -0.22538071544261673 -0.08200939052138484 -0.9981000535037857 -0.6241074642990014
1.5752353874572347 -0.614079928722648 1.1686518015096496 -0.4172568716802487 1.215606577158189
0.8374642535684778 0.28389391344936693 0.17588198111515901 1.252079671981342 1.6734186116574687
-0.17597562349291776 -0.5535565887892957 -0.6668204645531034 -0.16815755944705596 -1.1627666345379564
-0.6281549780280893 -0.2571894750636045 0.09857990075221723 0.7819151253665096 0.2386250043207276
-0.022704562585059106 -0.2963380648824911 1.6761343847889167 1.9110984994379108 1.9573841359639637
-1.0594463093212156 -0.7485197256451503 0.07833134872377952 0.21658377080449392 -0.34526480315791486
-0.9099810514515341 0.7985159602311825 -0.4476471078745605 -0.6395747330978954 0.31028531639327095
0.9844226706077976 -0.425225798482147 1.7427603659851012 0.4272070175541102 1.1591574918955747
0.4640035609484697 0.6783222585897251 -0.7511372379720603 1.0445468369600912 -0.744203137513211
0.5257257069337139 -1.2878683403023936 2.215296046561189 0.13295588702156574 1.5458852678144728
-0.04522956073579295 -0.2310106119298439 -0.190091370064827 -0.6899418564150143 0.36281932571123954
0.4715226832406491 -0.04668589013490677 -1.6693378419182483 -1.3524100574566 1.6547389467707443
-0.37671778695321695 0.3855065581021293 0.10375271764004321 -0.9966425138737253 0.9634202285848306
0.9167492802679627 0.6342000365851391 -0.6576744585018669 0.5936029045423518 0.28465443562231724
0.9591059620895647 -0.0009128215267236418 -1.3630619989271897 -0.22227694134543607 0.30510826058953866
0.04654395458299968 0.5169230973307173 -1.6634921069352002 -0.9210522940381766 1.4154311861566198
-0.4254637477380298 -1.0448353901980565 -0.19017424520934315 1.0336302201711005 0.6410511270540852
-1.019908278458513 0.19692923726314704 0.4163080419419692 0.15639294391260058 0.16512773208385614
-0.6729837948764603 2.88237566514568 1.1236862235591454 -1.2637663699893265 -1.1190574733221244
0.6037210106685582 -0.40612400065725246 -0.9200330367305627 0.20126607538386207 0.09024201985794775
0.22104465583246563 0.09788918711175965 -0.42933759811887695 -0.6315989383729287 -1.298799971471386
0.07952022475713358 0.29345178932248955 0.09355180656430773 -2.612278864134779 -0.548617480387187
0.32256199296615995 0.10640594510004264 -0.9900703831761398 2.555535335020862 1.034074399367729
-0.27786151741855664 0.10477696630276048 0.9115457970603041 -0.6011326044198108 0.4543634156525267
0.27514536589665445 -0.0405405300751839 -0.0456391673216992 0.1696249446290292 -0.10524974199674715
-0.09877686220519198 1.2942916054926428 -1.0202979035740511 -0.6467054858565089 -0.2148897460776869
1.0045739020249638 -0.24707807082878472 0.40327033809639606 0.25125677774283717 0.2224044173890725
0.4376099084524054 -0.9426898346714818 0.8021659590618376 0.1980119909580168 -0.5366283374593551
0.023308636770019067 0.18241877546396956 -0.9926572197210396 -0.6257217855536348 -0.20666535786837428
2.4174819754302628 -1.1677579997265273 0.3440810128386981 -2.1462729244623215 -1.051350668792244
0.8130377279794342 -0.5580271218216442 1.0677235498032471 -0.4055749921734308 -0.7440943516687512
-0.5569620431891642 0.5185392387797165 -0.12802154938968274 -0.8322919384685749 -2.662266942376793
0.725820604257406 -0.2923053397274347 -0.348144406473661 -0.08148888765631 1.2093706082159326
-0.5969206407137044 -0.0906102589556287 0.23143565281164505 -0.11023046379276921 0.5229002066274107
0.48301522201174174 0.4272603729678688 0.07538876936582235 0.08934169438353724 0.1919333916829254
-1.0017372202879722 -0.09122324567299973 -0.8896790190655715 -0.7877680615395841 2.5585030376297997
-0.787294652089528 -1.100183057843833 0.49986043757271664 0.26072574279223937 0.6273369352561113
0.7114567799406769 1.020853584050579 -0.014156265196289736 0.9333120827808434 -0.8709192707041705
0.7143385408407225 -0.8200666181640154 1.4346969679063153 0.2414337570713062 1.2853593851510963
0.3434231837039825 0.053127313126915814 -0.31947742386483646 0.36001998726089013 -0.7223946363125809
1.202057212615014 1.9701520480824755 -0.7575007938185297 1.163303029809826 -1.3853836673435005
0.8539576575318985 -0.09845678541017808 -1.2573019005304962 0.9410243444567098 -0.3391259794340138
0.02780273340913776 1.390230260767229 -0.03452620491521789 -0.38518880250833665 -0.6707261423094317
1.512893464030564 0.16693672032106732 -0.9494785708231639 0.10236058085844459 -1.634588244051833
-1.4917121841727203 -0.14545648573928555 0.8627652489262252 -0.8296944835150522 1.7258811343049454
0.4448687785720834 -0.4398618886370294 -0.8579802162858252 0.9735131849414845 -0.4812084533339231
0.005343697595652285 0.5557976813834977 -0.8338050407907049 -1.1931867351567864 -0.41891850942447895
-0.30435383033435864 -0.04587903765183985 1.9937085731848945 0.40540176492600716 -0.8931710141248067
-0.1290993320391924 0.48033741359810506 -2.1541572288252726 -0.28234505668781296 0.12970611163653023
0.05342619391374753 0.19932537016352925 1.9220526977238697 1.0655564909441158 -0.649278541376223
0.5973926181140347 0.2289815030395627 -0.35267372531998453 -1.3816688732185973 -0.6020447087968144
1.805222101207177 -0.5985799792574306 -0.0715221108503357 1.007773381583327 0.9725840911282722
0.9501412521562818 0.3475761751900255 0.10480903033115406 0.9006578259956514 -0.04686259355047012
-0.8824030033711289 -0.1280755863538941 -0.9106007913155476 0.7670184480997126 -0.8024435471662387
-0.22273776694115563 -0.32189756915607537 0.43935375358088186 -0.5340144383920976 -0.2025833462660653
-2.19219928713117 -0.43818872651565 -1.3125699125207235 -0.22736194486963532 -1.7278515064582212
1.2160928430839855 0.855044083046235 -0.6950171924633743 0.32472354815251125 0.2761507688152133
0.0772702384944586 0.20281318796926825 0.2154396936848923 -0.23570349253597794 -0.3278762030557366
0.5376700706780076 -1.3654578099629473 -0.4667897686877403 -0.8267546203648493 -0.13394857551823078
1.4366813208564984 -0.6844907885219831 -1.9097824940110582 -1.235999527521495 0.4368044322828131
-0.7616197243524067 1.5235990842124165 1.8456746909479835 0.44073226611111743 -0.33711008873323234
-0.7112289538367541 -0.05997795517391638 0.06460288663199801 -1.004551439750264 -1.2020217967253655
0.32634980153462495 0.9905988493206287 0.11380469700769882 1.1604757153763876 1.720306851014681
0.28680481145720294 0.695074175669918 -1.1331518369190885 0.13868104341865412 -1.2601945751080308
1.6746370550067757 0.8522480704010308 0.2655183894361752 1.7243276302583288 1.3825173092525096
-0.09270637877220671 -0.07334852728688393 0.41557600540680045 0.2659225775934799 0.3793039864882765
1.567863034843494 0.10808568344328098 -0.7790355480516166 0.44854677646491703 2.412279491659235
-0.6373045659793698 0.49263997527459585 0.3421040914886985 -0.13031399548102968 -1.265375702605545
0.2908396494529322 -0.2238417281921915 1.3097015937594203 -1.4347557377273314 -0.5146510272695338
-0.6254568113737359 0.6830223066874948 0.8560388634862247 -1.1649344130737829 -1.2944838940705308
0.04847671853303374 -0.21083278198623798 0.5123425423897995 0.25694455634120145 0.2555397725107778
1.179261717687555 0.7206825388296597 0.8305608486181172 -0.5527897263572071 -0.4130067625387733
0.3275203349887655 0.5458059903727593 0.4712972775141579 -0.3985078154852305 -0.35100288866718543
-0.8521145698594068 0.39925430027445863 0.11356604337024011 0.51463171540364 0.014846747807360346
0.03038443128857438 -0.27760678940262673 -1.9345909278492806 0.23989408046863367 2.767545569444337
0.2637854011550495 0.02501060471190354 -0.4038177371577705 -0.31551195402726095 1.9233537692591318
-0.8737779435067557 -0.9873733678191483 0.23597329211934007 -0.005817211416070697 0.40883863196608566
-0.6122274677880256 0.8508786111893646 -0.4279409964697069 -1.3689354705669268 -1.2778549920192344
0.6955654425806381 0.3585873985550739 0.006019751681564907 1.3960013838563303 0.473768010863412
-0.5663797613019151 -0.8725525034538666 0.9579539589626033 1.821823935619795 1.283183876243783
-0.2398483462735727 -0.8335110545573602 0.5930199358671713 0.632701526747615 1.6470939189680234
0.44238807775917643 -1.6234824885256893 -1.5649328500052644 -0.41021998011094846 -0.315922989670814
-0.8874651456596624 1.5797822570985063 1.1121888554100732 0.7690844463898441 0.9056984358180904
0.8810925882152393 0.23494106368296622 1.079774397426866 0.532113363873597 1.2254244588347154
-0.6193875127469473 -0.13411690990338979 0.5156272380815531 0.37164370974322547 0.40639882484555456
-1.0610610069887907 1.5350408454046813 0.8043901279355182 0.5739077261725533 -0.1618850204822289
0.6751910150074221 0.9958663767229861 0.44502422334668296 -1.3280844645607162 -0.23840612751407447
0.3298084339255459 -0.539630144660903 -0.5945279840887849 0.17616940610118997 -0.28032563274280353
1.6806285042682452 -0.8513983782898998 -1.1026797897005163 -1.8987878792934623 -2.180056241246861
-0.03047556731854878 -0.058386111268028465 -0.40120357450352667 0.14437621659957897 -1.0224626242079073
-0.21784813508908937 0.6556375642138952 0.7306773641986145 0.902583513860555 0.45633656773894943
-0.09989530778469619 -0.5791132677038974 -0.26929320822414604 0.8476202576119668 -0.04300650642854667
-1.053713394983118 -0.7305973823316984 0.18638043685865394 0.6224888926426448 -1.2778309016337797
0.9914919443690087 0.18402757991360744 -0.6515788034506558 0.6850584206203069 0.7418612222239636
-0.4458068360509171 -0.8652781670563034 0.43315725664788524 0.5427897320212299 -1.2640315430717344
0.9346678851506853 1.4709311443983972 -1.2311951281009372 -2.3103031638479354 0.7084187332076055
0.26902890179068933 0.8439698287224221 -0.8096637662817985 -0.9949988671831982 1.032585181164921
1.174231345188852 0.09320372105383154 0.10357005290391798 -0.782315120564196 -0.7800299011680358
-0.9614832264954005 -0.45908427230949034 0.49786964567187153 1.3903955981632157 -1.029567838148124
1.0869203105038023 0.643549123025638 -1.0400414463332879 -1.7907758274028787 -0.5302462057471009
1.5181330175516305 0.056879668362578455 -0.7554338688063131 -1.087418057608779 -0.023260678279345845
1.620205983638351 0.23764630019700872 0.14608767236196746 -0.19920633802677656 0.5489383472021645
0.01701397047831429 0.49449955512371857 0.2913918868988453 -0.27837984966403817 -0.7568156872478025
-1.3016615695152651 -1.2586091993612791 0.126094372607689 1.5089666864364044 2.2523727615635027
1.1246523634682755 -0.3187695292140651 -0.3451215941453074 -0.3421815420941481 -0.7264268866443359
1.4348768663820146 0.35982609914454905 0.47758344113149265 -0.9560248496215176 -0.7676298719044378
-1.8682481860188664 1.6525809399976255 0.1490642954338032 -0.7736491937484072 -0.2824431327274971
-0.9604087253149651 0.49813814912057475 -0.20739571220630992 -0.09923124073734865 -0.6596788701570886
1.5654154968832081 -1.9927316764325567 0.7975169237371755 0.42513656915553855 0.05628212902005457
-0.11177451280786972 1.5475326093725474 -0.34123576295631597 0.3552117018686802 0.23186890016888675
-0.286418636911275 -0.4506685115600727 0.5934449937899076 -1.246883840588062 0.026882443857735094
0.28572148354732585 -0.2915684857267349 -1.2597107399737402 -0.6870293224698445 1.1021199756433693
0.28279676840694534 0.47366466117151734 0.4412772631192302 0.21082885428270062 -0.004649718548963645
0.6381023962248685 0.046325052020381584 -0.03739713420450081 -0.3792500425582417 0.6057174745597179
-2.0668141607215507 1.9563067451009895 0.6878454464803815 -0.45999354136663967 0.283924091345866
-1.8185180402140695 1.4145728940053837 1.148022569967218 0.5677122092886866 -0.027530932743017832
-0.4104830898544068 0.19797547037231716 1.3270152812225184 0.6150822553360484 -0.6839643524915229
1.137499068554244 -0.561263240872902 0.6705465327244704 1.0295428094246557 -1.392379084078872
-0.05117134349721301 1.0687580542616277 0.38718419651037694 0.29447971938909956 0.5388557696951197
1.084351083524541 -1.5200523486805058 0.14891836106515968 1.645346421163838 -1.722853150316066
-0.5223094240355922 0.13217844641090545 -0.8616008827492414 -0.7918360377989055 0.5752720544929983
1.4364191986824342 -2.3436255834213484 -1.0852531704981438 2.0288858122351465 -0.6995553457261307
0.293082955425988 -0.4951589172963692 -0.6295831294701518 -0.17042282037512657 -1.2613368898110353
0.004972684325136612 -1.2275377771303786 -0.7549826091837358 -0.061428687459542754 -0.8733329635336406
0.5400755520774427 0.42709908500154214 0.5890832975760796 -0.42061611695089196 0.17169901121186693
0.548237340851054 0.23894360180370025 -0.004154751172745699 0.6592119511911346 0.6069716161606948
-2.2204310479966054 -0.10663888223899609 -1.0843801566689486 0.11029000416795808 -1.1795812187662416
-0.047955429148960824 -0.5620746895299186 0.4942764225818678 -0.1835303384848279 0.3375962338323753
-1.820260580241564 -2.2734815551438663 -0.8361562808979945 0.3837971756431066 -1.0417556462774555
-0.3245452879042451 -0.35776059316314895 0.05068938996260803 0.5024819781928711 -0.3461543176803489
-0.7945414717990277 0.6037356675951848 0.3186210625306351 -0.4610181400067018 -0.3939981408163459
-0.3039181894068499 -1.0571819974238152 1.135431678798508 -0.37834439883358706 -0.3046661605422757
0.8027051590533332 0.7547006357150311 -2.002767702621649 0.018255900983002553 1.603203395160137
-0.49228734899154875 1.1142917474917478 -1.1047947978434698 -0.3113272331348857 0.2724023423997234
-0.8506235691857682 1.2463140948278661 -1.272645816451615 -0.36818021266316053 1.1562650475109748
-1.0083491247048921 -0.11903351209211689 0.20140580190009502 -0.24273256904027163 -0.9014115246938711
-1.0334099824811958 0.926765592221558 -0.19458557921848207 -0.630762771740343 1.6959851073075636
0.4067776673354181 0.7491816254582199 1.5037861113479138 0.6147081859058149 0.20577275697939482
-1.4014429416147753 0.7052115013193511 0.30797211929592194 -0.5434069683241406 1.9609706257140271
0.2996072486603872 -1.2841187263204563 -0.212316751550974 0.9231093206368259 -1.5478705056728408
0.334418484893339 -0.09681950933688914 0.20107564436867845 0.12744440884428881 0.4056179403152646
-0.16495319193074573 1.8853238809349395 1.0626730699786242 1.2542212700357849 -1.6669562146600128
0.08107113464311258 -0.42215580529565444 -1.5878083657930564 0.40165541000053134 -0.18682470278783264
0.07457174809232962 0.6996334687843326 1.7468216793094982 0.6096359657895076 -0.9670275700001315
0.5051389033709519 0.5420928644285697 1.2622203482455119 0.06099902283156617 -0.4194880756477186
0.5672934897323436 0.5094800556576874 0.01556230980810647 0.11479480588641856 -0.9917342443466581
1.0037029892692078 0.8399689820491365 -0.4907383384251753 -1.1428095486853906 0.7437819924612754
-0.19706304943922814 -0.7166043196420167 -0.489490139373425 1.4203276760309549 -0.6290337845940309
-0.4760130400148273 0.28896364341815156 -0.447647260466904 -0.8235697384278544 0.16803357843473482
-1.3531096996388312 -1.5452409161790437 1.181230142547973 1.2033681831799221 -0.09712813602991574
-1.8074151949127975 -0.6227045426116754 1.2486528986981378 0.44406622497708265 -0.03294463242745207
1.9704534906940039 1.5302650057730596 0.6620107576993368 -1.957519414600939 -1.137332192226256
0.5567375745090974 0.7877156210592229 0.796984479047143 -0.41440652478909035 -0.42385284149915053
0.9735236461673044 -0.008952038248193782 0.731545922204713 -0.7229272936480717 -1.0203330879220525
-0.45097951950284626 -0.5811310720604537 -1.2333381151642357 -0.8119072319468708 -0.5422906299988918
-0.606449941057117 -0.025422018643972928 0.40030654116832415 0.37962603444299625 0.5275836458455946
2.6177814676408926 -0.8731045562840756 0.3674009211850396 -0.6061647980542132 0.5575694737372031
0.23092185898295994 -0.29605028465479455 -0.045506562989146564 -0.22239759145496454 -0.3373206089449855
0.284432279450731 -0.4756377267456449 -0.18369339433984386 -0.8310045349054305 -0.33414859529144775
-2.4215497777648145 0.5292464651091658 -1.109716307723241 0.2747876765294893 -0.34713478172565293
-0.9051627952540389 -1.3727854102189512 -0.32205798080530196 -0.4942004046077817 0.46617286549915293
-0.9968579786702684 -0.7242988803568876 0.8622249894096699 0.947984945818973 -2.2338234415300393
-0.010727145914033367 -0.5838617606917322 1.1638949987981955 0.2623183590394593 -0.16866733184882557
0.6916452143175429 0.15379246389249182 -0.2960014518152672 0.8406161074530387 2.2058777280611843
-0.7994759366159918 0.20056407156251904 0.19832421672776776 -0.24233554839181493 -0.9188467032745213
-0.546192942207204 -0.8480402421350396 0.9748020562850447 0.5797066240610549 -0.8290790584000206
-0.715286802627892 -0.9959039151517188 -0.1913070897660253 0.5490541380736602 -0.6448359623061848
0.11096289475304581 0.06079471471415907 0.4856784262508117 0.4007244357251674 -0.3645130483376393
0.7022287932110068 -0.7077362245306685 -1.165628155890526 -0.49270899989602746 0.29255907467368975
-0.7016117046948042 0.06179790757865016 0.16385641615245272 0.14047291727436334 -0.9539601432320304
1.1856665100452253 1.8202570732710308 0.9578267552043488 0.6434435583404454 2.7805351815412775
-0.1430545073566348 -0.4488259796059632 -0.6707280314529314 -0.725382418958296 -0.6545137103418425
0.27415719831965585 -0.7276242265464823 -0.1474311371069857 -0.5783422464676722 -0.555340829537531
2.2168167649479447 -1.1769597138444252 0.22086352319472904 -0.5728829079634711 1.4018580115632517
1.3927609585440164 -2.037021516564074 -0.029071598520717185 -1.0693531388171957 0.27670891932362424
-0.29490158175342157 0.46267150971533655 -0.23243239455608122 1.0031696600093707 -0.7138356433591683
0.3819327545723098 0.6567555856200292 0.8060300392479809 -0.05018618098895066 -0.023410044460628113
0.2410758079245465 -0.586247303424927 0.051355384161716436 0.21635395442504654 0.6514062322123193
1.74407930095923 -0.131025012053253 0.6792068749766113 -0.7204407965925362 -0.29564534873039033
0.5715627469058635 0.026804357537922874 0.03943595411659027 -0.026919492605255398 0.858216047035594
0.9535597511408845 1.6184955580709264 1.0925492786573563 -2.0423555602813637 -2.1274923878150145
1.0118495923541946 0.8279947818258385 -1.7833095471511307 -1.764363599414942 -0.6140711899341014
0.023927576776348353 1.3076623069245452 0.5669888575496511 -0.10384068990385788 -0.9985257776990251
1.0950702055110981 0.49556647095461964 -1.6604418745757348 -0.7943154884601811 0.43992315322896663
-0.38270734018102326 -0.818851486597183 1.4203138788065985 0.8515753514106371 0.28884378573840697
0.5471305997549785 -0.1252977627626049 0.015356296117374161 0.5000004590664443 0.2537494427894665
0.26036242925762837 0.18370517925889135 -0.4669001501062605 -0.06749010929199249 -0.4071158468987252
1.265470756469822 0.16981721677812472 -0.4575164277603435 -1.3521452874623343 1.1750984157640068
1.3914384736711278 0.07464386767580761 0.8034986315599298 -0.17449088331858933 -0.3465636756643308
0.2110284284804493 0.3498510135109872 0.6958373097307402 0.008220020732742087 -0.60136866475249
2.1584995710106907 0.13385263313492488 1.6735123835391152 -1.9214753777811795 0.50933942557964
0.596939667301417 -0.5440548411173093 -0.198791484165558 0.21706832834937184 1.4605078558009879
0.6085676558290554 -0.7462408282207641 -0.18546076518013602 0.698962804951268 0.4083367821373791
1.1044824585412751 -1.141095340641477 -0.42828678069180437 0.19907930622956727 0.45356006081735833
-1.7313410691778028 0.17277819922047247 1.6040074169466387 1.5672170810010952 -1.8636595497482684
0.22514566595713895 -0.15136226103694045 -0.9296174578494605 -0.5716871110273889 0.6960091588534808
-0.25629371416204016 -0.6551198949674713 0.199570521763469 0.10925523429402435 -1.4497730224947902
0.24629093868079402 0.5767730667001394 0.9934915406632304 -1.9550944414792213 -1.2953330034599633
-0.5448187756926578 -0.9284057331422549 0.46304663325996803 -0.3496980815336125 -1.09635430728144
-0.5025409197109897 0.1319234524398943 -1.8385683680239928 0.9816593613003225 1.7940393621635067
0.41296317612319217 0.12779128159298603 0.35102435985074143 -0.5008629123418731 -0.31363087517174354
-0.9032374188126788 2.1924139704740053 -0.9039351047306324 0.40203256013467503 1.6934575643852534
-0.15003557076466278 0.9663886206060377 -1.616515529833843 -0.7805260839315853 0.6184640968571639
-0.5532094937149564 1.2661113021477284 -0.494307206265881 -0.09517516267374138 0.603875937477052
-0.2733625237674833 -0.7106926182602014 0.4114401326559662 -0.08866116943781695 0.17807392611370468
-0.30540090805196973 -0.6253130891425234 1.6815663643800816 -0.13396338632388516 0.20589134210553914
0.11206369485567745 0.603206096753366 0.6517855676059074 0.5712452877111796 0.010789643251627606
0.35172001050143675 0.47981290394519616 -1.4098074258225544 0.5991035750490086 -0.8737753360402015
0.8757301313742106 -0.29381815245276033 -0.909983917020228 -0.2725989631947321 -1.1476998849092888
-0.2520420887408833 0.20919572664145453 -0.41721483531916204 0.6252295908847961 0.3886587018935723
0.3527987344641572 -1.05131015965633 1.7926782016599179 -2.2368881161515946 1.6684104721020574
0.45915347058961914 1.3367676361292145 0.45850060236758705 0.24852682161922607 0.6276489925592318
-0.34524969319418786 1.5969065510813585 0.34985269261228596 -0.5682398836722543 0.5968743081056598
-0.9022344160810789 0.016905020640149714 0.32101860735434096 -0.2907936737589481 -0.6197097271275922
-0.2508141559356056 2.2228862566649084 0.8523701725775361 -1.3999643075696784 -1.400118059090889
0.3585237748945215 -1.6956422267424465 -0.4576397298054502 0.4419226253809994 0.37216055086079836
-1.3613607644735553 0.38317986347923777 0.15499506247173864 0.8215526935446485 -0.2084292263465726
-0.8586287900691114 0.24545311640126238 0.5987613558442981 1.14912031409591 0.11774840530427017
-0.37949405815462034 0.1269156164747689 -0.3341239855856727 -0.1862430536451159 0.15955656931910878
-1.3502236311236127 1.09423236976574 0.3015187924579157 2.733275877556422 -0.13403280127336
0.614841221369993 -0.9204311766048694 -1.5210362407628835 -0.17500935535441245 -0.9920048342692874
0.5612609641602022 -0.5060387874316281 0.1599155208742947 0.8031729232395244 -0.8854987786060575
-1.7161472091924028 -0.8561078811140084 -0.2855307825086188 -2.399548321388886 0.3543896418012701
0.8566813215736733 -0.4004226690312246 -0.3758785177301241 0.4520793822650439 -0.19124686656302148
1.2273474695272735 -0.5815771664710591 0.4780867819155449 1.2904887468681112 -0.47205461575081636
-0.046767489915488326 0.8885359273660588 0.8107543093278576 1.493928213029726 0.3617004848436328
0.36086156639083733 -0.49522119756377875 0.37079081357588206 0.4269699322535884 0.4836233410672571
1.9647492950093748 -0.35670070937805914 1.4548641933212108 -0.021410072569678765 2.6122962880618026
0.08160256481551137 -0.6811709420094733 -0.47194401651459134 -0.05943514954714834 -0.17573502139707595
1.3101004317213705 0.059839302424498766 0.5071320624092938 0.16557356769358306 -0.49412890349083877
-0.14824363147940126 -0.08071673178174373 0.21028329466775864 0.17304523409854983 1.9445924297125563
-0.25746275621903636 0.30689666423186135 0.2644287003365811 -1.368439855558194 0.2071775860106095
0.8274819963511042 -0.9632882221135888 -0.007468095410690197 2.217180624543739 1.0510090858051921
0.7245285465436757 -0.8644644654624015 0.47229960434055107 2.1527756936257365 0.644269164726753
0.4698458743258433 0.3107338160284139 0.39467580722707 -0.5300892940835423 0.1951928437752657
-0.49662244100231995 -1.3388109059958058 0.5275190278172951 0.5014389190586032 -1.01659458587
0.9842648983619627 0.3571006681307935 0.20670537715279774 0.5746868248429929 -0.3525513565595334
-0.6332436772453848 0.7192947804958054 -0.611225052385066 0.9481824806232153 -0.5800491982253873
0.7801329545705924 1.254283313746244 1.180484449767504 0.6875544993073943 0.34392316501986264
1.7985859622598643 0.41287600411098707 2.469888081739773 0.759715832669286 1.379632986706415
0.29495656155708033 0.3840498496182638 -0.28233058943470746 0.32239569130187634 -0.1628369263167952
1.1782847290751421 0.12297591637408097 -0.1812194680043001 0.1871632499871565 -1.2837229808503712
-0.37820435667790037 0.33109109639855727 0.5404095370200072 -0.14318455585414452 0.21007031990131078
-2.7485222743682916 0.3744413946049625 0.24293628897251623 -0.7643193469920686 -0.06500501364775181
-0.9667454784875666 0.525964366070379 0.42421516502294454 0.07069495046724786 1.6274383590210229
-1.3124728318658834 -0.16626054297146964 0.16795246401177993 -0.9267246125755233 1.4020567041693224
0.4949351622532073 -2.1080380998706625 -0.1257491689185885 -0.269967414619473 -3.0323363528565928
-1.1662270468323972 -0.180671887810636 -0.8396395616437834 -0.23145479250097004 0.5349520822270609
-0.053951208259594007 -0.42604993752590276 0.41088322394053883 0.4274791480013928 0.33711116570489796
0.8170420864689731 -0.6773655472140999 0.8048008412627634 -0.28477162866270167 -0.5640912777636282
0.279262466128352 0.9580745949956188 0.5023742204402296 0.05858577744124885 0.483388733688054
-0.13730861678554104 -0.2132244087149319 -0.08546554930564233 0.22340666886372668 -1.2954478571669417
0.01718471450246464 0.3342760134226607 -0.35576296680134234 0.5747971706959547 0.12574385692259565
0.16048658006192057 2.2283097217264123 -1.4911818751283776 0.7249487373545817 -1.6745819248940723
-0.23402414336701127 -0.2686981218268826 0.3788030618656241 -0.6886870137505617 1.6651045192281642
-0.7514806203994101 -0.9395258129921696 1.5928751490224482 -0.5216256886849188 0.12352881141214903
0.5732869194458219 0.009339803281967665 -0.41777275648601064 0.9872171378372925 0.0821884789709972
0.8622865840712283 -1.3065059910246872 0.1631813439806586 2.033389205311278 0.0038719713075207117
-0.1314818509733713 -0.8701924226372556 0.31748878446509593 1.3483680833535012 -0.037184130969046145
-0.25783226787827385 -0.4608312916337311 -1.348975639907287 -0.94758830495966 -0.0785208957312998
0.8796604232867115 -0.14777652232072552 1.6107859305917664 1.8513221702470366 -0.3268392500001324
0.4115152599099831 0.8958058111054424 0.07137942989485846 -0.8212567795971444 -0.8658387025650017
0.3735157468222502 2.503731195240589 0.5269627797953976 -0.1158563767639005 -1.132479632317764
0.6039839360688473 1.617819273864373 -0.7788754101888986 1.041662642430241 -1.1277453201869059
0.08021021168506945 -0.6238818784740976 0.7896746316692317 -0.328514858282047 0.6600449923084765
-0.6056141844150211 -1.3668283410642617 -0.6330240692948133 0.3967772884813805 0.18418290314992747
0.5357020941786301 -1.0306200384765059 0.5108600136116725 -0.6038230994788775 0.7250544697846133
0.427591200639105 -0.17248570552762868 0.6632653984410002 -0.7479867286693521 0.035442265499111406
0.9690615992060512 1.366187224966374 -0.12058751283273911 0.3079309371910618 1.1068270017337163
-1.3237428455610698 -1.4980228006702665 0.17743334352178844 -0.6461505222774295 -0.9257788458926959
1.7173443669700867 0.8755392014149798 0.4056097012213314 1.0835588502526297 1.5836196435532635
-0.2644121102085056 -0.025776993436369258 1.329145702480426 -0.5459994372177523 0.3418749537607236
-1.3735209911385475 0.01936203289297364 1.7877434133005095 -1.6937651519466843 0.5326252667501618
0.5467282162466256 0.5527248021719157 0.2736119732490948 0.5943817658297186 -0.21239393145056257
0.36963033448395055 -1.0303338998634277 -1.551905796329604 -0.48922198106025017 -0.13653437697568138
-0.6866721827359783 0.05524143154349102 1.807851835691887 -1.1075792807881415 -0.5646158619453704
-0.37117679593089514 -0.10886249620380893 0.5523412690752467 0.012218653988064198 0.17944356109976684
0.38482900984011614 -0.8154783190445344 1.4789324632339227 0.5466361250793463 -0.20581674206859582
0.17380053615307586 -1.323880317748775 -1.2920121038056394 0.10777461340540573 -1.7545703971247704
-0.44877385030557493 1.2472595813495726 1.3402038092617221 -0.20002809205159489 1.1422754786286997
-0.9841906060534686 1.0796917730345141 0.6679212856921083 0.5010046582865908 1.6180379132923703
0.2871424162572738 1.4339958951777823 -0.9154188393417044 0.9417176875104581 -0.012771538203654393
0.5353495645745244 -1.8217815128105936 0.6986861977028694 -0.41234678578137507 0.4564602155165619
0.08185363839210939 -0.9446461400973486 1.0994879335079264 -0.4584639335793662 -0.18520286439102032
0.30312053044160897 -1.052771553000721 1.252790694488423 -0.16298969612593092 1.085293511303989
1.331383488432788 1.1034770366377904 -1.3875130938760385 0.9593652150567343 0.46927978950572297
0.06222772718856104 0.7978205247162464 0.5036513794808798 -1.084242784815001 0.6375293960868118
-0.6104127171362043 1.1556960471643118 0.05611631491835748 0.9850767320968657 0.5969023455362935
0.3247651857102711 -0.6755805618783224 0.6536942176208667 -2.286678688158853 0.4256697667708835
0.07242379106121465 1.6942618401704372 0.15197068042031525 2.2737779763423065 -0.22647403369774533
-0.66963095684143 0.41974242188475597 0.07601624957286973 -0.2280448256077245 -0.04878828505979009
-0.11460584559706133 0.28917246439380057 0.38904561148619876 0.17450594104054426 0.31908599708467567
0.17968186243770803 1.6551234563985298 -2.0609466753299333 1.8118658600534714 1.724771112590928
0.10868429039336287 -0.30741444963363773 -0.6761588687255797 0.9699810896834625 -1.0628055853678775
-0.45739915977124557 -0.10763688010900122 -0.7306611860125561 0.8403085266743937 0.9479645911285932
-0.23258577647744694 -0.5600032794382461 0.27712874775087193 -0.007561766723551523 -1.2740496632802645
-0.07549541220537978 -0.7232706440718852 0.36794560011764865 0.03154074649033838 -1.3935884314060238
-0.024286561763690036 0.6399331423564771 0.0767678648067808 -0.08153430387354994 0.8069320980006719
-1.5942770573986833 -0.6637526654778986 0.06402916344827382 -0.2635025488672251 -1.840829984176028
-0.2743800366978027 0.25909604948657416 -0.4319345536673413 -0.03877449063390656 -1.3101212575735206
0.4700624947465534 -2.1625365023058 0.04332177207539466 -0.519426686334003 -1.83759214030077
0.5747781613126177 1.0755326749442888 -0.7044910473273119 -0.14302089596447673 0.006805371055133534
-0.02210055768660408 0.4744599708931232 -0.2869747874564666 0.4313026298496279 -0.22796097600841178
-0.033525513547848364 0.37859293821801815 -0.5765498790277384 -0.2346519558645952 0.5133034125786118
-1.6073868418243087 1.7399785848318727 -0.5804689137065995 1.177318060598587 -0.3633134310275887
-0.10547053036796464 2.1660289669498507 -1.8738424040409138 0.1479547202226478 -1.292625587813391
-0.260820722256901 -0.3249011954355371 0.30046247036777307 0.40047318033094276 -0.1402655249072159
-1.3792321391688656 -1.3160681342775178 1.2548904886556043 1.6389683179473007 1.3888612307932118
-0.4371392917619275 -2.323638794083021 0.15995789278749825 0.04032811062069231 -0.033313399112130146
-0.4814374165113661 -1.0014871667085303 0.4977673826744047 0.9698297656352527 0.9733040526808775
-0.01672900317918326 -0.7213268447278507 0.8534530012119925 -0.41007206478699365 0.20975205928163201
0.7439028822243322 0.4021791530581962 -0.4489680848100016 0.8996139415602613 -0.5005452973198373
-0.3581916347144483 0.12189962953167476 -0.11059952758211325 -0.6927827111124157 -0.3370987890811437
-0.09832835457803867 -0.15787943917784794 1.258877856951536 -0.9797412813985034 1.7027324383231097
-1.044501561049046 -1.355450787261243 -0.02590638711634743 -2.595437427878298 0.570019089991972
-0.9058762810689055 -0.6037011497185999 0.7655332040774412 -0.8674014548261216 0.026271564255328506
-0.9130907689524923 -0.14930532779501768 0.3176457110676341 -1.2206263075551207 0.5184991434554092
-0.6695302479535005 -1.2320508808844006 0.3078454701356232 -0.2854032329895055 0.04844438368494915
1.8214058443453938 -0.6115194417763695 0.9438817223640191 0.7103530960830513 -2.954478041696152
0.2797450224926523 0.2931060652191323 -0.06580735944904227 0.5130382470476358 0.22146983682731822
-1.1268150069054905 -0.04133750475211006 0.033202919423269334 -0.3709407299439745 0.3887249757494052
0.5660618015425253 0.2657530406824412 0.25457877151094144 -0.4369267962056211 -1.1911589361186583
0.0929797663002637 0.4270490585002294 -0.3252985696023497 -0.5216324365076588 -0.8692780651583368
-1.9965977925292824 1.674062781899511 1.6379392492057698 1.1321429445139728 1.0733799366127978
-0.3580202618271757 -0.4950878589269959 0.017514883344643774 -0.1730745983587407 0.6055102922550102
-0.2276765733890029 1.5780994180342498 1.0530706666614251 0.9312919437099226 0.3658914516866655
0.3879431727778945 -0.2494869679038491 -1.0274579436669922 0.47666552707333126 0.6720653723681741
-0.8412627907169126 0.021135800589873976 0.09338045285874427 0.18460819386054525 0.012880746952998201
1.684344959058995 -0.26725174743967023 -0.9647691515518763 -0.10948574687233824 2.03470939430167
-0.9535905323477027 -1.2615706180054302 0.8131141172399051 1.4734943815765518 -1.9909352187166451
0.2533918423411036 -0.643194983094336 -0.11987996354743903 0.27540616356545927 -0.40439190416007226
0.30021280778910575 1.0219928231258901 -0.15386358760387933 0.41099705652037294 0.1189530576055586
-0.4917254320407648 -0.870995875037126 -0.41133860657123184 -1.2343596247810344 -0.7566962616012753
0.16885974817746585 -1.6179388558008487 -0.8256174660880304 -0.7292942757339429 -0.47709504346124526
-1.5372388466586244 1.1695874506333486 1.5237515410044569 0.4685995931121193 0.9979490479435122
-0.17074526017466302 1.6907337159660576 0.6312959257638594 1.2104047684077355 -0.06429044464116186
-0.6960985591745283 0.2895642455753567 -0.0834161953151659 -0.2190362982690928 0.1611902834641322
0.7533183895370296 0.09237283087749933 -0.25331878279199804 1.0456655961029964 0.9227208616542927
-0.42173106487567885 0.05837908990310742 0.14544063095424004 0.1724541460800416 0.1252195714134631
-0.6167419848246212 -0.004527101092702997 -0.9651333375536416 0.31206778323650664 1.1119140740728322
2.179146398430708 0.8962839936247678 0.04164629810183982 1.7607376846698555 -2.4365288578207935
0.07499136899883664 -0.7788353579206603 0.36324539395054894 -1.4362501653181223 -0.3199972333699787
1.5723048630793133 -0.7614487844412864 0.2101881470298386 -2.7456020540045234 -0.8307931950959089
-0.0878035014689322 -0.45814393080207366 0.25213232465391744 0.5958440618045034 -0.32111912406117504
0.7182998426470641 0.06774943040211986 -1.307924577612617 1.615020065509456 -0.3188980382458146
0.5890894813498374 -0.3831772783108255 0.32275104738848104 -0.4450817347570625 -0.08786305904996346
-0.5432614330590495 0.1393311261501393 -0.11946596961203652 -0.4802905456565126 0.5760087528830317
1.484966460951538 -1.0224722254098326 0.0587740184730904 0.3023856127734816 1.1486680932182827
-0.1752691012146158 -1.2078088646774783 0.9154935274549381 1.062653238361767 1.383359631579702
0.9307227557858144 -0.15690535084865476 -0.36491478537639677 0.5407074115817203 0.3215686870064936
2.0865252328271384 -1.5821945424578956 -0.10834190323386786 0.798369975137911 0.9304776823679376
-1.219022333121644 0.31674875435201993 0.20821250843302913 0.6520455893682592 -0.7305350386924715
-1.4517525711290602 0.3638597618821644 -0.8042204049209812 0.5941734233079237 1.4787090782545147
-0.4199906630519089 -0.4830557344696907 0.2341315829077776 0.8816643115540909 -0.3090020947484583
1.6271864200827146 -0.002021796504576345 1.730051921112415 -0.4227457632081765 -2.2386234548146873
-0.3502564608374492 0.25688464046611653 0.5709161274312851 -0.0965890050009722 -0.10585732514150281
-1.1574956385001747 -0.693373467153427 -0.5549226956718264 0.2831120494999501 0.7274229332080677
0.11718023191617424 1.591236080291862 0.7479633743346281 -0.5321043487682292 -1.0332618833722984
-1.2676469048782548 -0.46941098345563487 0.7402971102768007 0.11797431715702303 0.7404504703279181
-0.019230423714054957 -0.8443251547939125 -0.670703685430108 -0.09171545316429179 0.645710683174803
0.20962861831779434 1.2716289613694216 2.017722194047 0.05032241272951536 -1.806640999886408
-0.41461113732895083 0.3312870629498361 1.0363276630372305 -0.00983866455896859 1.3777249496089872
-0.8357995084143717 -0.3278866041225131 0.3737046047312068 -0.27531955834109606 0.3195791348545178
0.317278834862111 -0.24319780712282074 -0.4916257923320255 -0.4517407836860983 0.4281117158094628
-0.12831613409201922 0.1961244288495521 1.337399194579937 0.31190104441486516 1.271868036572108
2.085091791848677 0.4412186613068123 2.1165251668717042 -0.20115732651013266 1.7120494466540106
2.429180545695156 1.1501628320585917 -0.04097388407879204 0.05863295001014864 -0.0029764168377729634
-1.0029058166782299 -1.2778104904402428 0.27784237168163545 1.1698415459824003 -0.02254799547114995
-0.09668036615738619 0.20915068742423618 -0.07275588899997358 -0.10670805736012817 -0.16753863746831896
-1.4298362958672823 -0.7789796013334045 -0.4694286607555229 -1.147683998351881 -0.40639848406923923
1.7186419370040844 0.8240455256172464 0.7281840788847666 -0.7891001203534896 -0.4088189167186604
1.216286582824801 -0.007262635417465075 2.422167977389237 -1.154175852574859 1.1250465120400583
-0.8319006929855008 0.03143510393962732 -0.21511382910797333 -0.21483471904381127 -0.3683799756798264
0.5833349976641914 0.22269038120681822 0.8154928894996808 -0.2938634342311135 0.8871450924229173
-0.30333821856901994 0.04308086605866314 -1.1843400304322602 1.3747170705025789 0.27162746196917187
-1.0079358926171402 1.169939246527103 -0.6905256951030905 -0.04163441649421853 -1.265453739395396
-0.7092496288132321 0.2172836095091853 0.5947214279318591 -0.312413350657928 0.40096812906350987
-0.5060700302982725 0.619651263047523 0.2809828095411358 -1.1461591059017644 1.580710673968301
-0.9516027826385999 -0.7751625952753827 0.2137264490093199 -1.985471988090036 1.3735317754048535
0.741006271524415 0.9560103558152221 0.6125200244250257 0.573667183578771 0.6209688227522145
-0.6677971883953718 -0.43922412551683315 -0.4579182631706204 -1.4450313353145008 1.467766189284781
-0.06962122137505236 -0.2965443474781741 -0.6498476870363558 -0.06724144214467788 -0.14192785973925348
-0.7132018638528395 2.198654336639994 1.6917886463200185 -0.05229527712299424 0.5185912557001162
-0.7924111925991665 0.7105253178227651 1.1169316170326296 0.7990643413897894 0.036104863298498116
-1.2634711793040734 0.9855121017779288 0.6663773834604322 1.609881292255135 0.3663585187980396
0.20807432878461923 -0.44355644564756563 -1.3099185828396454 0.3841893213745971 -0.9169894702253795
-1.4072602794987938 0.38071257692390975 0.7063745389320448 0.24352373520486967 1.3155014879126854
0.7385005726711187 -0.8170699939744203 0.3118995311963592 -0.7263435270618468 1.1300100813829066
1.4388926754758269 -1.3435010439172923 -0.22179385110455996 -0.005455245238209555 -0.5406353798086186
-1.1618269833674995 0.962434658299878 -0.2418915834554645 0.009365126056808276 1.3935038897746137
-1.8232622445599487 0.642827314086392 0.27570062009530105 0.32533338298066583 0.8812731450229135
1.0724289664708846 -0.34117370218469334 -0.49183511911370126 -1.1600603733455062 0.1298529072195255
0.7809295325682273 -0.714953093641778 1.291526203969232 -0.11851142394537778 0.10535073589119848
0.4630617610454077 -0.9464520955437948 1.2025902064731282 -0.2039402396935983 0.2931150612027699
-0.8153453650235611 1.1745427663235655 -1.9873900012499106 1.9519362984363409 0.17228457107224793
-0.5447483614232353 0.3556494178043918 -0.14695884469638978 1.3607016907176446 -0.4681165110577773
0.33083693557793553 -0.1723187314374835 -0.9061870489231565 1.740300358478205 1.5139780079204277
-0.032347053379604356 0.18305538920609524 1.4617579850912272 -0.38755861253732676 0.300687915440081
0.12161584283072324 -0.3368873240032027 -1.5612468373316049 1.9776715053139984 -0.022745359890518964
0.8063405081956975 0.14064454561429948 0.8647354022164588 -1.0946706476201773 0.4545052811529534
0.2817949271927562 0.4903304010100731 0.9547665618917515 -1.0814669479724117 0.5694954936971416
1.1321939357687962 -0.627074937159425 0.5676880448017136 0.7597539589899195 0.1442083583552374
-0.9897375330165052 0.8628617083514948 0.20780219453159415 0.2545195957200682 -0.07531304856122768
-0.5462163685507323 -1.6061988744824582 0.6936344030926389 -1.37128510036651 0.08695560825975109
0.7414832489550137 2.264096667256719 0.19818563454878954 1.6938578614449886 -0.006030652866881252
0.40611583820447517 1.3016305896243843 0.1280167730616903 0.687406843725417 -0.3247293728337069
