5 120
0.6214394393444084 -0.9349778720218477 -1.7053137879618088 -0.11079991219151261 0.09012296713972819
-1.084548452549773 0.9317958992404357 1.6630022763944206 0.3931065848763638 -0.6228326265493331
-0.6373407267926834 -0.12147302491821205 -0.6278982503194741 -0.45058573089338555 0.8581177074416635
-0.5977173352798679 0.14919032626062406 -1.068709015113 0.33398153526996055 0.9122858505260664
-0.07840829820244977 0.05199569707252096 -0.11694956191194708 -0.7978496286235685 -0.3005721457903235
-0.1616245968067524 -0.3430158941610772 0.13947661252081459 0.3851109593636284 0.025121254378470653
0.1291792164906892 -0.20154843768203148 -0.5708586033743269 0.05365924797988197 0.23917423306847255
-1.3622624764318891 0.4027819349854071 1.5712995062376585 -0.851323056772699 -0.41868082169197474
0.2167197567640511 -0.7402036440289629 -0.3355740366333998 -0.17515600765209383 -1.1480383866460595
2.0580637094283976 -1.3206562589882125 -0.2315146242429732 0.3225505042228949 -0.4181906703793775
0.7275932180218778 -0.6702182588484461 -0.8463494546059084 -0.4780795042230603 0.06307360202483563
0.30947197201730203 0.29629259576087563 -0.6728360810432976 0.30081104142498705 -0.4967453578437417
1.3060709819701553 0.9585264114440031 -2.3291529013650805 0.17053539681235969 0.6466937197348138
0.718277190430064 0.7807680664857546 0.401376713679768 0.25076246325273355 0.8298106559580259
-0.2558755430352234 -0.3933561830764407 0.2700022527994889 -0.4067757234082694 -0.7851449998718006
-0.1512320291374845 0.8019080139539426 0.5015401657809143 0.13103713976248932 -0.8215506832636441
0.5386746438436408 -0.8761221209536058 0.4545572623210738 0.09748681300398798 1.712335250929767
0.12404009112912637 0.8037259200550296 -0.6305456597467882 0.2790825755408074 -1.9211337782131812
-0.030936407136947477 -0.918228553972604 -0.47917316424367457 -0.07758166812341198 0.13300252253274814
0.49579765323205105 -0.1647069971491422 1.1014014522849291 -1.1148282004558818 0.20361002547090887
0.32076427745335584 -0.23263310937826337 0.6520789678354367 0.7593622377142843 0.3072493229144383
-0.04400092514327623 0.11279755150206196 1.5272829430436203 -0.1473194511447414 0.34789289438257737
-0.5664594385495959 -0.22617016971574214 -0.5895555267998911 0.353918521172859 0.09990009280790024
-0.6597906104693163 1.8005781233612448 0.9950815851984017 -1.265698364709831 -0.18279230177839817
-1.1526270397116083 0.6030256129349995 1.0393516296941865 -0.7946627236362532 -0.45375767252263743
0.18205204868057093 -0.05239812592244843 0.4577761008350471 -0.7594544800543231 0.9277997419627522
-0.6352634381227248 -0.4286367666065306 -0.254085543365738 -0.8814196083969917 1.1733499143689707
0.5825743553147369 0.4780530369809951 -0.07666920597298395 0.07756902223789136 -0.12589214256756942
-1.5220673268670752 0.19268052035149666 0.43068357293801873 -0.8433461849491232 1.4861838549137492
0.39982553687565614 -0.5866767186279387 -1.4856246948063996 1.097099853181552 -0.2294803618951016
-0.32432253179382303 -0.5291572339258037 -0.38684459500529295 -0.9787975887609486 -1.444050931025039
-0.7594034123630471 -0.027404723540442044 0.4688383991053167 0.7332339937673099 -0.19304600016891799
0.8888146581364011 0.5680948814173029 0.2988769113589057 -0.37619434300811433 -0.5474573108403038
-0.8416413515876254 0.46773518110203427 0.09313926594879908 1.0660946753902938 0.7615031312928817
0.0736718860864711 -1.4784162627142163 -0.7768010534262821 -0.8043796447925184 -1.350352130487821
0.7155486404682456 -0.17124719330833874 -0.6022507649015898 0.1693467863372954 0.2661846963793332
1.239397388547902 0.1993067617124152 -0.46793791016871744 0.1261329159644424 0.7735309165175205
1.1075553937394624 -1.2594082006097496 -0.3180248026266594 -1.64368541037878 -0.1878376708490624
-1.717538290280539 1.1397944714924424 0.6352172848104519 0.15241703012806387 0.32458023343517134
-0.19920518928779707 0.38220727379813746 -0.14103147571289676 0.1351761010125949 -0.6650397459404898
-1.6410107764106738 0.522296593212758 -0.07264783219160528 -1.9190833182513016 0.8440524580106059
0.05184771770687109 0.2623642514974599 0.1482053707187646 -1.562355812866453 0.26049926217216646
-0.019425406308055174 -0.11212012392869915 0.14879326886616984 -0.12822961737306499 1.031042968807752
-0.6114499353245018 0.8623986267305641 -0.37419366171290314 -0.6543236672956232 0.032588061643796455
-0.2676764066639261 0.8434186895628755 -0.05139963862885469 0.24440288140271377 -0.9463181043380513
0.5218973224655502 0.6352497106047771 0.5636627120750487 -0.5873286189417025 0.2729446136649351
-0.04646528461502166 0.38160145765077597 -0.3219783444123314 -0.3425735157346482 -2.760846589199479
0.031085906290125642 -0.0343594494963396 0.06737575439567102 -0.8031603507171816 -0.8601648360157368
0.8848613588783141 -0.6856660905525297 1.0489865931923708 -0.2778406027694282 0.542531018685553
0.33378240500609957 0.4321973196380029 -0.21206060515643724 -0.28929466435812484 -0.7504690617237684
-0.9264874535387674 1.213585819016709 -1.1635442856455254 0.12059041726991752 0.07268656642912072
2.088785940318641 -1.0991784483401212 0.3822353060675355 0.31737405761033555 0.018968319073462706
0.21250188370183912 -0.5140192440571283 -0.31293369114019615 -0.6304221999194813 0.15741739099605329
0.35255117548536463 0.15520204624866737 0.8324082323764734 0.18009941876469368 -0.8915591909838396
0.79946877911373 -0.8837349329050407 0.13090107352535058 -0.4897763107612531 0.9013303611164455
0.2693401264052561 1.4621395726168385 1.0020827065405686 -0.518755636946297 -0.6491210729351253
0.3968216672450195 0.34204582859684257 0.1722453205465552 -0.3875930669522019 -0.23172494559194695
0.22605362853234534 1.6959694110663495 -0.5773548417946626 0.7763134493550569 0.1560879912641981
0.19949285876968595 0.4877412433242584 -0.1655149350347265 0.6968396251698639 -0.5645019923674592
0.20847745301075504 1.971105584415326 0.49402032539557544 0.7091817623360305 0.6519112130664928
0.7417473526279593 1.3046367242806889 -0.8172926014568583 0.09582415841239009 -0.5895571083552336
-0.3408481813545484 0.0015236506103058797 -0.13388656732864185 0.04904178136770809 -0.8065034563194168
0.7614550747830985 -0.6830747365843821 -0.2937635068949656 -1.0404853110778 0.3149863634840584
-0.059198026351009195 -1.1021279669924575 0.29188633166060896 -1.1999935513823696 0.7604066862761881
0.33996330485015885 0.7594623673854866 -1.5602651924631894 0.6728426805981846 -1.1096515910989413
-1.044446815251094 -1.2476990721145176 -0.05816772375012007 -0.11849298421893888 -0.263916261572054
0.5004712040918062 -1.2256783133745963 -0.6287345925641972 0.5666254616361056 -0.5612099933151471
-0.536920410816622 1.417618398628944 0.7904166546797085 -1.338835125847549 0.17189941271672798
-0.8561474146644482 0.15858233272655312 0.2170582041533995 -0.06799314227054136 -0.10359746302504266
-0.04410163146559587 -1.2850445003037179 -1.3219000585096303 0.006416499378115347 0.16140130536587793
0.1315350078458848 0.631123089269602 0.857862247557441 0.21806296830126348 0.9980161535222011
-0.2547051757184982 -1.2453605521273339 -0.34336736920273986 -0.8912441442616836 -0.9710815346553171
0.5917861676067517 -1.2529480124589103 -1.5210795232512322 0.4992137271732902 -1.2676184435906555
0.48088693307202535 0.1467123319454005 0.36243537747979937 -0.8165240643835472 0.31050043054927245
-0.24478806186144733 0.2650259956803615 0.6412394645989473 1.0294374698080664 -0.08100296602902958
0.4935734289531308 0.8362629734609265 -0.44793322503288385 -0.018859641451830902 -0.1986785183245721
-1.055995903970473 0.5762271605051782 0.21857115959269138 -0.3468394436081577 -1.6290196462228836
-0.02003318567245769 1.1974556173951112 0.40548598040519457 0.12104434725377337 -1.8482287855799961
-0.975199668903681 -0.18170366725256293 -0.21657619565831096 -0.6705645913394096 1.4154944721966165
0.0678800138538068 0.1364248768102993 -0.2777554656653092 0.5389045910319376 -0.39269691459526934
-0.6438858897670788 -0.1356550308349977 0.2672586529396488 -0.6724325245034903 0.6174550207365097
-0.3996289120350471 1.7808381599508012 -1.530665023836572 0.3136753130054444 -0.8970400791500844
-1.3348238471241365 0.2978659514537338 -0.5541960246091776 -0.10881912512839333 -0.4597183241568002
-0.050178466278915965 0.7950115966511866 -0.13164700129506463 0.4890649753565535 -1.1086082162252553
-0.84163075297424 0.5639768128531816 -0.24154842269069632 -0.4475887128005256 -0.8888148843249118
-0.4031759185819322 -0.25926063133902 -0.1973625580559339 -0.7254919578721825 1.0456063453983935
1.2604641165772161 -1.06152924244073 0.9875704132262786 -1.3678740246918848 0.4282490082157349
-0.4848770875451539 0.30781704583615227 0.4289212009489138 0.05448662197119079 0.9427830246607175
1.4260540200978786 0.07400127269366738 0.5154149048016073 -0.411422875290358 0.1308324502386645
1.3070359650031256 -0.4909769266499254 0.8074752915301691 -0.4100968576799381 0.45911103042204604
-1.5668959364539672 0.2672791700329447 0.09589326791684157 0.1329602219473084 -0.15630640561855458
-0.464219670904102 0.26305023569342323 0.2944723002121716 0.7875934732593146 -0.21328619210730745
-1.172176865947776 0.4418898860817335 -0.6484886071860283 1.0942742937852665 -0.6337038990651009
0.04278406972672814 -1.4621374357762036 -0.44666040168982785 -0.4293079643288238 -0.6453641958292495
1.6137154706595658 -0.963308010942113 0.09694131154582797 -0.8579754821108081 -0.2990457262630539
-0.49002530719576737 1.0867660397114662 0.5141315098933942 -1.5026610992398657 0.14246992907137157
0.10625639545372238 -0.11408739882703889 -0.4578918735436327 1.1538323515799187 -0.8175332795764413
-0.5708441792316011 0.12720887580152967 -0.21833327670109368 0.43497798407890975 -0.08708084265426433
-0.022635275249540007 -0.3762709096241512 0.32573790372557204 0.16512143212186092 0.22851200120481804
-0.3841712932212948 -0.23347216650228994 0.5638938858401726 -2.141326437410853 -1.5145622101465017
-0.6573794434873385 -0.08655835479823125 1.3928205223289447 0.23229171697985934 0.1514582235489659
-0.9967672933469804 1.2034337391975651 1.1828960725901927 -0.707078469508316 0.2971451852789778
-0.9590611898768747 0.3259419637789374 0.08244371544709242 0.3026026665214643 -0.21930797603934207
0.9046544632156518 0.36559530057062 -1.1158458729683711 -0.9330171506640247 -0.4054575635216916
0.8716501390734649 -0.5509510671363589 -1.0003649409339748 -1.0662051941527646 -0.14030262587699946
-0.46725518598967647 0.6749307000837002 -0.5297017107118089 -0.9870861877745618 -0.4296593597153019
0.602862806274747 -0.9103429610547564 1.0968074217491592 0.64732903223613 -2.4437573970006556
0.43926716091271956 0.7204074645636244 -0.4891780771452374 -0.18596924222069564 -0.7341741956586159
-0.36671231660687786 0.07622261078984614 -0.595714949143189 -0.5370396042677209 0.7742153507357832
0.12843072706773032 -0.3399814804093534 0.203282068343739 -0.6910026585873268 0.22948247880969175
0.908694132196119 0.732578894420437 0.6570559238605503 0.015813429268945287 -1.222492234624346
-1.2479965307791385 -1.457092746974864 0.12919158334730957 0.40004904619826664 1.278225350134721
0.33354171047231496 0.742577834181694 0.04268649224423457 0.17554094825393982 -1.2933955813152906
0.6108495442332236 -0.7286130965113083 0.2289461190549438 1.3225890037731005 -0.030360583200670345
-0.394958035049285 -0.30447447824476487 0.044669388038784064 -0.11720965773846201 -0.625806811696209
1.434150964870411 -0.5098266822763572 -0.20366230195934812 -0.3839651289909849 -0.3200832841684988
0.3316080512103465 -0.526367030098348 0.5497970625437778 -1.295426250811103 -0.9721886648847184
0.9274080317056169 -0.0653007969303425 -0.6874940805370915 -0.2783986287669322 -0.010473536543937031
-0.36789270948263325 1.1312359218296602 -0.33199076661584337 0.8773552449885742 0.6266583714701378
-0.7278170657644119 0.953860834186345 -1.3910811487782797 1.0530197489097142 0.06629045404071597
0.07272876398841609 -0.8348408444774977 0.12032988319679422 -0.08785118215685919 -0.08389829923393066
-1.697053436221311 -0.6959662515158628 -1.180964637050522 -1.0988612761794683 -0.0667947326998924
1.025364982392727 -0.7776129811765647 1.0205578426569208 -0.04250329395206037 0.945517046883219
0.978196115027436 0.7508477246680422 1.1941762886104301 0.508609637162295 -0.2438472436708413
0.8136522982445988 -0.20595906925666285 -0.4607213694852811 0.15469672764636305 -0.09762928645346425
0.31621102602505985 -0.1933799526331571 0.5565298349555554 -0.4679120388219483 0.5956584748665336
0.17660453240058874 -0.16954050514258034 -0.5465923384661882 0.029338491924872704 0.11372503593111194
2.3269071943468838 0.05735280218492298 0.618153873174822 0.605605695384063 -0.3887283962418811
0.26704470757228554 0.5855833629342506 1.0871120810085317 -0.42107062629817904 -1.090859495937299
1.735140215943111 0.5763135281098194 0.2793841577847507 0.6345500907571594 0.11363530683330704
-1.0974634441665507 -0.5372516621482915 0.8366831683132965 0.6558626832432032 -0.16049600879044248
-0.6434879043243741 -0.05748417697427734 1.6565577606301671 0.44163972662113715 -0.712251171151961
0.0760125670973781 0.6505623712346095 -0.504525081237689 0.16190811959651474 -0.5619057082285781
-1.306890620262618 -0.5013408198335312 1.4018045446380667 0.22347981275692663 -0.40012669800844447
-0.8610921643779289 -0.42276809142427885 -0.497772886339359 -0.05538704455493358 -1.291122539081562
-2.177065677940089 0.6168571949321572 1.5230420368969946 0.4141668547473426 0.5394000296884378
0.07100670852064545 0.3567382935058139 1.104074471321452 0.5901865278089559 0.03463587667086703
-0.06342335405405863 -0.0802697209584321 -0.21959406046563418 -0.01822916443654191 -0.8037669998123551
-0.2988609180201184 0.19140579748144698 -0.8231061613565244 -0.9790456073466408 0.639233106120322
0.5306117483651381 -0.20328040663763572 -1.2258416075640546 0.21394574548458567 -0.4010286912456931
0.3992636249711045 -0.18821451971880562 -0.11093416509205742 -0.30214933278001527 0.3420658369991039
-0.17230003243199743 0.7554571607959554 -0.6754409935938894 0.08615649172165472 -0.5608380653944947
0.43556432698570247 0.7469590036504187 0.3148675223134541 -0.6291371700508085 -0.7371691237183644
0.887588775216342 -0.49310435621872606 1.3463030984622686 1.2350266753702297 -1.0331956089483512
-0.9321081005880376 0.024538373766706496 -0.5063588377219943 -0.8028306651219946 1.929814826046822
-0.3218139575464011 0.07964555123485528 -0.3377493127123214 0.07280010193155906 0.4548846634103854
-0.19078864869215587 0.16339699624646203 -0.26539446310345366 -0.5800336267730699 0.18871531208520972
0.6730056153427618 -0.5860337816612791 -0.5179911019398654 -1.4691089240038508 -0.4443408894901044
1.834269110031434 -0.2947402450264804 -0.15655664377967 -0.7276607933204636 0.2934419735651915
0.12757991099507923 -0.8427982416954307 -0.12311291875166959 -2.0786062071828435 0.9974146719806875
2.4102714500613276 0.08980068616426456 -0.5691203046397195 0.2439889905509037 -0.8543595952690478
0.7466123016559739 -0.05778241163798968 -0.3827819150158532 -0.17272321013694938 -0.11501385817857318
0.2830111266841381 0.8296566386387194 0.5721108333173962 -0.39300611981377037 -0.2085315102374444
-1.0608133298208624 -1.2053621440348297 0.5153419622046245 -0.9000906209112916 0.7078097259191803
0.20909846120631673 0.9207876425103895 0.45418873473054605 0.3972647389081301 0.3541245820908707
-0.1937628055474377 -0.37937403460145563 1.186330528164818 0.9436968089757533 -0.21224409579872752
-0.6840860078231322 -0.27652010647416186 0.31208879428932035 -0.45358618910922704 -1.0428620739926877
1.4594794291897555 1.8539672408936299 -0.9096917481874323 0.007611542159184869 1.2618027254050441
-0.09381473500030316 0.3164866778675608 0.20636421698392365 -0.9930651089891478 -0.518851762576489
-0.21860524602039286 0.15955988318838213 -0.29801207388381545 -0.2593412533849331 0.6542404403510346
-0.12752263806487618 -0.6035097444592906 -0.6669969197530277 0.09124750975658324 -1.1057914163702103
-0.06061423864445734 0.0004417974034198611 -0.3907927969682672 0.5550715337883233 -0.7062636952279566
-0.47476137551384895 -0.9934536782387436 0.594190755416692 0.31046689831317154 -1.124948663230179
-0.8846751663731574 -0.038872362861733754 -0.1769268269277566 -0.1061495162077933 -1.8048687949464197
0.45273801944153513 -1.149475502207668 0.045914016076179925 0.2734066952334307 1.6959962923369554
-1.1286461646728467 0.7136685301857821 0.38047988843940267 0.0424119379939007 0.7797861305201733
-0.3925934523364084 0.7280594390865158 -0.01533272893930043 0.56245946773165 0.0391714739163338
-1.0836786001181804 0.3730386214985501 0.07452094760354615 0.4257535383051613 -0.7602355438174184
-1.1022289233678093 -0.9407788796441159 -0.44163658725262145 0.1639447701226026 -0.5055729251226684
2.4326631902501052 -0.2968888063884297 0.22817525257813967 0.19991429228372093 0.4657884654627561
-0.09521137560361267 -0.49199796343173535 -0.006685414461366476 -0.6820201723245127 -0.49761266917977703
0.7608578027267314 1.1377318098233307 -0.091227910656191 0.9696214085167659 -0.20439392305507417
0.5130860431663821 -0.4390008010804927 -0.7878491541919059 1.2352202149716314 -1.1400676506431235
1.1552949414167315 -0.48985869227687473 -0.7004480264914174 0.4580676976138275 -0.017007989525558785
1.1714341481693196 0.5867499214650127 -0.19517896942630908 1.6207173361834015 -0.3526793835183391
-0.23355216762076214 -0.11022146581653702 -1.76554673615277 1.2961418123176212 -1.4481739001276825
1.2336600253240804 -0.9769583894647561 0.5136036213654765 -0.9030754653213883 -0.007086754518554098
-0.1901398036822352 -0.30484253153933977 0.10225569129967228 0.19770324689155228 -0.8111051951277602
0.5011380680940496 -0.21822549607189767 0.13472313560653507 -1.0854631977340885 1.0017851508812117
-0.6694383877877266 -0.11403861736713142 0.016859229392735826 0.36371962883807757 0.2552409282879799
-0.7193920571063469 0.2573042359815046 0.2147065882708419 0.3566301638982504 0.28569131885314775
1.256334983036135 1.6228534339757372 0.7239068938833261 0.23957680267088924 -0.10525971187909924
0.9695916518267448 0.7028695938539711 1.0084889480309216 0.6615116599365745 -0.1457321220930836
-0.9682439652069592 -0.20068032338042036 0.5873308091219656 0.020108490459051387 0.2885576235983254
-0.15877130391811212 1.7648315751283885 0.47472383186093325 0.923260457956409 -0.5776595415977508
-0.3941942444519519 0.9617283071454856 0.15032156530072152 -0.15798675615730867 -0.3883886055491747
-0.441700855773036 0.3571924178619655 -0.9956753412742192 -0.5664937078333838 -1.6852730903028366
0.3052099660219477 -0.6963689030876968 1.5131555264973957 -1.7072015600612778 1.148396897969929
0.5957119108750611 -0.1769195199869429 0.45471108961667994 -0.23997957841573123 0.31837037697803655
-0.12508415341317003 0.4122780577906783 -0.035837556002178174 0.17189458185721884 -0.8292526093353172
0.06102963380939253 0.5201237912226154 -0.3231808919253925 -0.3517612988376506 0.5099940978858467
0.06692693792412022 -0.5113610845866794 -0.1159236841172444 -0.22883645881024087 -0.610331096976706
-0.8129002514597196 0.6303393539140005 -0.937108425086086 0.3694552645083072 -1.9508646825934912
0.46625529726839143 0.831359491322213 0.4709577886616951 -0.8354800634675255 -1.231650275780936
-0.369333213152055 0.1852346003511569 -1.1461370151133123 0.48091340920811326 -1.4506709305021679
1.9432821419942161 0.6602343604748144 -0.5225626387057279 -1.203090008934884 -0.35445381945768384
-0.6397533684477635 -0.38769452764002993 0.5142328080934879 1.1759773678434737 -0.08110313556699689
-0.6030659220542991 -0.9403148232490607 0.12515212884837745 0.705254824208974 -0.24142327882757028
-0.7277744502567661 0.2849600982691096 0.724693802374148 -1.0674719045604284 0.011721884026258414
1.0105387777562955 -0.5891264128895254 -0.5784837883072304 -0.6345903653464494 0.1961893715898177
-0.2189213398482874 -0.5522975441895739 1.1293258204883958 0.009322457143501422 0.916741605625053
-0.5445978510043966 1.1215548376246611 -1.205919777149192 0.6654837326595995 -0.09938955358295251
-0.605686242142184 0.2265529093665254 -1.6578382844198325 0.4792532892821755 -0.2947346556718347
-0.27000827384299225 0.20694592112530197 0.11339678970563072 0.717086494023692 0.13702115969554166
-0.7349066194690733 -0.6360854853902898 -1.2653827803570232 -0.0174683781386604 -1.3746525020653506
-0.1406322695862896 2.1332028959243576 1.1036094404379564 0.20153683271338885 -0.01654555673633365
1.0855274513107784 -0.7606973801037064 -1.322404958041414 -0.918330276283663 -0.5428739246232259
-0.4865180614601911 0.11692096364416725 0.2829617585370632 -0.1880249379608952 0.14317247873297412
0.9377152194535312 0.07386914346874286 -1.2686139247289459 -0.09056198366590412 -0.3257933262756559
-0.06091639623948188 -0.28581054342005524 -0.053132233653706715 -0.2615897913399715 -0.9415226018089058
-1.1095861009663097 0.9226210491272062 1.5172731984164245 -0.15350919580541875 0.515416993270294
-0.0404457051666869 -0.1064904199134126 0.3657730855400444 0.457886058595835 -1.024710897610188
-0.8638965428822012 0.6953727560610559 0.7797353103549726 0.4145774085801226 -1.0972672667913872
1.3508066500868654 -0.4765227755765436 -0.7207939925504635 -0.3756228160607491 0.6098741959371472
0.8360622953547825 -0.45579306211181797 -0.41204620436061123 0.7882912889244225 0.6593234919817782
0.1934863471680014 -0.6164964808657223 0.9253042563852029 0.062288466986867214 0.20624718773990872
-1.0902633235095924 -0.843617387377788 -0.08708771333534741 -0.17344212758547076 0.10982964787103505
1.527901580527975 0.8181159803352616 -0.6047234473589416 0.9088515860897977 -0.3238749543757581
0.4736759427007254 0.021270497619812794 -0.9681661835378109 0.25695443015780123 0.30470683283008304
-1.9880097641336707 0.42971876540545983 -0.1762584270062635 -0.8989632386987404 0.8020102603159259
0.14593860208766338 -0.2517106005123552 0.7331808488015947 -0.46897055737185883 -0.5099284347211713
0.14620199356740082 -0.15415126877992325 2.272348206849902 0.2739174823750017 0.7744305791614565
0.32797161926422674 0.1292159229616763 0.48686428732673964 0.7999137537999684 -1.0538939704316208
-0.8050726790532877 -0.30643780209051336 -1.1910532418460105 0.27963140156438143 0.5340370625091128
0.4760263303304971 -0.2395941565753175 1.4578485100302236 -0.023333408379836145 0.6924461822569095
0.17482665480026038 -0.37532115434875035 0.428749918054548 -0.19925934373620782 0.8246458931781795
0.7083104217642476 0.39157704730570936 -0.23456221200533076 -0.2933781666563321 -0.22258273412564009
-1.9166259249020727 0.06025270818061171 -0.637168370607146 -0.1495357117743816 -0.47038733527504917
-0.05065442604147528 0.3991554906552164 0.44295113066629316 1.0125485674380355 0.7948171522262037
2.204043856130187 0.318365855433271 0.8630503491772451 -0.16753406342729446 -0.7185814002725798
0.47404388028848893 0.2437454746806362 0.4360234470432701 -0.578599386043074 0.18659584104225527
0.4889606289611809 -0.01733359089262282 1.0264784283315829 -1.4455596660272538 1.0678423601781735
0.8346788464795141 -0.3908516292787455 -1.710125743119241 1.1467819490260163 -1.041898595730313
0.858069740132057 -0.24649755503267506 0.011747236147395073 0.08793362455955211 -0.5121692240399041
-0.20269863373013453 0.5407003203435977 -0.011623315030996832 1.0658437957305562 0.6577298003646223
0.9856130298444609 0.5378966465535225 0.004045573770429698 -0.24746656032936654 0.35289068680106966
-1.0812875542710718 0.723692471014791 2.134597992904862 0.8231210905265964 0.2313975007604485
-0.0551544675085549 -0.795229856912579 -0.6074127767865619 -1.1992646128212798 0.28858190666684874
1.0649109564696604 0.042667010615997106 -0.5671634449801832 0.2721459819644844 0.10753789927788805
-0.6897237349115486 -0.35039330740086305 1.0217617961223007 0.35511673935588206 -0.4961810295467346
0.004276584668297454 0.7226227711107924 0.15867159097925787 -0.3249932149858519 -0.3547077124289463
0.659834203396364 -0.24246525021800291 -0.8737200168019922 0.9266796642682947 0.8787833281556012
-1.95853345530713 0.9827200894447604 0.7903011832412906 -1.4669164446082938 0.6140137927015507
0.0449728691995088 -0.5581372819585171 0.4741725481317862 0.42014589751557563 -1.0147075814465574
-0.04988956954888545 0.7637828892501729 0.6937599886424369 -0.23072715149933046 0.15356159031065916
0.3443580451976704 -0.325057718496029 -1.2661949687225456 1.6449195604549292 0.4762658351902745
-0.7015125717774476 0.45376707278285544 0.12556391697098435 -1.3788444807818967 -1.5429932071038115
-0.6840175137479654 -0.11296991957770418 0.9470853388336157 -0.7448813647953687 0.4692342896262978
-0.19391306189313745 -0.3837721767657259 0.31252291883191224 -0.325898839652415 0.4695375794745621
0.3574178802648027 -0.4694953541249062 0.28467898792327356 1.245183776338206 -0.11582463075471075
0.4666263044238366 1.1779866736287568 -0.15875313633317573 -0.4593869704024008 -0.14517115579011042
-0.3741221954417544 1.4817349321289626 0.5899512435865599 0.5448933189717561 -0.8876844307338887
0.7506198424538201 0.45230972150777293 -0.5753223716451338 -0.48664259318289665 -0.25685000189567175
1.2434354788640625 1.4208148510947471 0.12628563864312267 -0.2033560655670861 -0.04415776769291224
-0.8716504916328452 -1.0481960353347606 -0.18577435131290196 0.5708234102688986 1.2786753804206803
0.0933453361311044 0.8275801559625371 0.8273823898983284 0.352082350691688 1.0721307456702769
0.06723192395057737 -0.327796211134883 1.4009815718092207 0.2997920384420354 -0.037485485315728415
-0.14085378992353362 -0.5829427305453461 0.17365903086427853 -0.8964894935145138 -1.3276793119176582
0.22088887369521062 -0.9662524808491775 0.11437067872718237 -1.0765758088562833 -0.32149146225062925
0.5238984263663369 -0.8755623864584631 -0.9875985768209163 -1.3339924971784585 -0.8265649716383706
-1.0415708711704688 -0.5595325703255809 -0.1538120102414329 -0.5163741338782505 0.1405636333688506
0.3277016015493859 0.3868290683177583 -0.2992019001783545 -0.3756230197332656 -0.6192192295499382
-0.3561519105801805 -0.9307410247657385 -0.20855894899369168 -2.3390057394168813 -0.03279258464089443
0.5527847291771546 -0.2374329682488643 0.4301570840122018 -0.9101871088056239 -0.716191352470462
-0.4318952249644249 -0.7268453849483072 -1.213113404970695 -1.1085020115046542 0.3457892748887233
0.19877650740765762 0.07393447658518094 0.399046941511644 -0.1894788145715441 -0.0390867386529704
0.2630478713426965 0.11859483459144465 -0.8292210243999851 0.42880078800840166 -0.1617297547102425
-0.6800608355134661 0.2294839190439285 0.6198933136574751 -0.9525127828059367 -1.3248637328672157
0.8227552649214757 -1.8480334062777026 -1.309337550649596 -0.49306348884364404 1.2473351436266482
0.15728134693379833 0.4934619275476238 0.971565073140692 0.8960750044434274 -0.325262906172286
-0.11954577351933705 0.9837733410206696 1.0615218036544316 -0.3265600973692193 -0.07477265380094764
-1.118559180502218 -1.1814693454777614 -0.32486819821401225 0.7684237713276536 0.4625231234120513
0.1847431703432975 1.4246155114707033 0.3455288793796947 -0.6870642221798404 -0.5015044803028215
-0.5280616752270078 -1.608303979196475 0.3672173786693948 0.8716881589405299 -0.6805310535266244
0.9042154639394918 0.39761512416207995 -0.6605101833086853 0.06166293032873248 0.43249984247658396
-0.01618714364353628 0.20773315541466394 0.2743212900350225 0.41755806053907824 -0.7938107931849341
0.5574501736923392 1.5721133018260505 -0.5078881120445711 -0.4652314284911448 -1.1550484840405293
0.032656145480575584 -1.066103529069167 -1.4682504332923447 -0.40539872971331015 0.5100651037855961
0.7095771220428858 -0.6458301703568506 -0.23020388688564386 -0.1595953885281609 1.0560523079006228
0.18863501560752938 0.9787402794385668 0.5782949595823836 -0.05513553057852418 -1.3541487607709748
-0.9916699068134442 -0.6661801823799629 -0.11006846611037972 -0.399796520146642 1.4127874769805124
-0.14318085180807358 0.1291297113905099 0.1940563299939302 0.18352530891716198 0.5394142560219609
-2.1308754045733322 -0.054339624368409674 0.39894816061189536 -0.36999047055580414 1.1705853397754895
-0.9962880204068902 0.44428548493970715 -0.23220029559458813 0.5089820360379833 0.48424997345080345
-1.1918456072263106 -0.36665035802278695 0.1337729820996692 0.25488261618926644 -0.9649560946573477
-0.0703944935944264 0.6070284283203384 0.020377102608406306 -0.5247766225352608 -0.8156801520221861
0.061564400981842064 -0.15637339839157505 -0.8282035358104265 0.804790999954822 1.1420880516027838
-0.25824179882196746 -0.3979164260900309 0.36338805902656873 1.7190125089679622 0.7051405106379331
0.38751516580521 0.5351677773180351 0.0005508488176458736 -2.1733152341948756 0.2368775170002835
0.8558847518217065 -0.40881583450279474 0.19492803544146087 -0.6056638942889816 0.4475730487932976
-0.3870169129108652 -0.7477286478972094 0.1954950230280477 -0.2910178854316953 -0.0947111031353006
-0.5199154505145216 0.6685761696521587 -0.539337649899776 0.10206016689485667 -0.4315695046268959
0.3379508782828858 -0.0057766287524069985 0.02206625245849248 0.8740642797296707 0.2327685872390866
0.5549017961010639 -2.556596708231314 0.11873315732475447 -0.21789219547770902 0.9514772549143867
1.7919216366380608 -0.6028347606161691 -0.22694483972437213 -0.30298904980650726 0.06077767041548171
0.17568832682642524 -0.2427999966993443 0.32034082766144384 -0.1290430207056072 -0.8614588428232276
-0.08807839758597913 0.07504355250910745 -0.7823430421490319 0.05059620642029265 -1.275912833998103
0.5920781990527635 1.108568040513532 0.13826428604365978 -1.462906670415304 -0.25203017412949535
-0.26313660904760666 -1.2305066486883582 -0.13663954949488316 2.0899484673376945 0.4685260626813068
-0.8411076025892559 0.17587789939053955 -0.32906920801844153 0.6275461101862088 -0.2675255420580541
-1.0363625693044305 -0.7053526835325538 0.2591551689933944 -0.19017042325079592 0.24321444568476602
0.6959570285895119 -1.9435885454343012 -1.6578637724523584 0.259076366398417 -1.0764101379936502
-0.27938044319735883 -0.8227095560985754 0.1618342360975248 -0.11552629132318784 0.5385764830514347
0.20967773913087986 -0.5935078619375532 -1.009391127295374 0.5970627690238002 -0.656908756824595
0.3247204256063201 -0.8274797024690106 0.45193395744889514 0.4698361352175923 0.19469110551628743
-0.30296657920454667 -0.24356454919960074 0.556028925611346 0.12719689168884168 -0.8445577616598883
0.9338987081994153 -0.10663092104416977 0.5523332878592871 -0.1528518896552128 1.3729593734697239
-0.2638564559152724 0.5472338014545417 0.0629070217643847 -0.30914565335196037 -0.5438329539263842
1.8819820549969675 -0.5221062492081444 2.119806868147681 -0.1028680641490026 0.15746034301122716
0.3860836245432083 -0.008455315200397806 0.3486506191617985 0.9168663480571916 0.07115721473379988
-0.6012903635881836 0.09001569259487534 0.07995784678927394 0.09996646228784621 -1.1044147167848628
-0.8539084548998912 -0.7799081974018747 -0.8598207549909013 0.01037192653292502 -1.0755546441398067
-1.0361998289087695 -0.9685992501584219 -0.401377863039683 0.3785100379336562 0.07106810126230832
0.7021726784673562 1.8971834534243361 -0.03874966346854001 -1.6184214883837285 0.20630246385095177
0.14665700866112283 0.7151303208864522 0.21453581755343018 0.12458010949172668 -0.0029063152208750943
-0.85358828368028 -0.8910663151933362 0.15639765819192522 -1.3123589172659071 -0.06318644745637546
-1.0524308517461167 0.23154696711363476 0.04846122104297009 -1.3726060649234357 -0.5944316807089653
0.6822808878598554 0.49204402463117436 0.6344823971980358 -0.722673657898643 -0.04253751053361074
-0.854637399014382 -0.7913624965216726 0.9658364421670196 -1.3892812786637467 -0.5882624859912229
-0.571823722458197 -1.004348976355182 -0.5128338824325088 -0.11452818952682045 -0.1576736785084744
0.4562744817682423 -0.032326208142771026 -0.41247490341478227 -0.20935912007441454 0.3751576689496932
0.8469947808212485 -0.7947998919397988 -1.4857649907510262 0.13044844348756476 0.2549183833740606
1.0523730539665503 0.4381731611951115 -1.055181548503245 -0.09930932094686729 0.23760538346163962
-0.014058080539133622 0.5230212628464793 -0.7789000464110336 -0.525298491262522 0.5350225154705703
-0.25176731547153114 1.3318791060579842 1.7884413017949026 0.885258169699775 0.7530122252091046
-0.2864859097376289 0.1314492316133939 0.8975547613246825 1.1381485530986706 -0.9112900594802993
-0.6499555594874225 0.6792827662031898 -0.46752126162267316 0.025480621124885607 -0.8332299255457026
-0.5522879786532418 -0.1689123764904541 0.37367466848532394 0.18820326485498237 -1.0787646168212257
-0.21345306691845792 0.6400155103489155 -1.4665693255518055 -1.3131889527379688 1.4737489753911552
0.4298428238518236 0.5188260207042357 0.7747427643217082 -0.2554907114520692 0.623337846019582
-0.22867512643865479 0.1295523582350063 0.06568479895436982 -0.6144432834662038 0.1924945573101525
-0.2357040548167111 0.8549983752432614 0.7683486831602558 1.009808514596725 0.36567064145269035
0.4697399294338667 -0.7370061891442747 1.188326948059927 0.09906341206529658 -0.469123357711194
0.4971071245026207 -0.08263419261259335 0.8065991156896025 -0.596847353990655 -0.1417563017789069
1.0002619642886463 -1.3135554265292384 0.27417310771132236 -0.9302789391001439 -2.034525461629052
-0.9037249371604369 0.5740530474452256 -0.1701240649432509 0.17071976591069016 0.30349003664699037
0.15487207333992647 0.20263915347196382 0.24518837354456655 0.27051104306949675 -0.7698531658603749
-0.04468715336298904 -1.3040982461205328 1.0726245332856497 -1.2125106628414382 -0.509179834834259
0.07241335636389823 -0.07330238303783142 0.014516409608622017 -0.43130646824949503 -0.09621650323452922
-1.10601394213609 0.4229059163382421 -0.9764517424970733 1.9082253892715941 -1.279760733034328
0.4130151519273657 -0.33316947459764357 0.2671456292534658 0.17861961326989811 0.5276512455092317
-0.4557846889783627 0.573823135393847 0.6196518969982693 -0.6295918986714352 -0.5008655425433616
1.138170606490372 -0.05659790749481091 -0.5423321515436045 -0.39907269366785236 1.7635884877335104
1.1564546723751956 0.7919014596895668 1.2041615051317118 0.48353508814366386 1.340423283037631
1.1229155235113115 -0.20748799048749617 0.43270317137780057 0.1848537734643533 0.66835462263354
0.6284173526541867 0.8001765037267384 -0.7354271219291476 -0.6958112450370703 -0.8284728016440673
-1.0532172382448135 -1.7358174342329593 0.6053869525038627 0.33717454820398196 0.05780709553556795
-0.3016668164969014 -0.10212727466345257 -0.32016846395510423 0.04489840425801804 0.1392530625720492
0.1684947352777609 1.5232194495477178 0.43874748039512496 -1.8746045874118553 0.14186530373861433
0.6270107198907698 -0.39307703723544674 -0.3468820268665117 -0.028989958062261723 -0.43469791732753177
0.6026616706861663 -1.8386722407055027 -0.3092213760560758 -0.19284303693906493 -1.2193204656044727
-0.54742390765205 0.966788625191332 0.2260902552759288 0.6292368169183028 0.4952478233627841
1.059398324588134 -0.45332457471648174 -0.21975072896288503 -0.004956722109986446 -0.6509970874595514
-1.3690158127064629 0.06202797676286009 -0.939021860122186 -0.17908852052310778 0.0020893183475384366
-0.6634719778698343 0.43792870372219656 0.03114809436252675 -0.3054597386162585 1.3793736811417843
-0.5165286005183685 0.04793331198090038 0.2923986150544623 1.629204944497427 0.035721222464518275
-1.7264851030261308 0.859702133550695 -0.5138839661754714 -1.3381698336462373 0.09127462585423896
-0.011200320586030477 -0.9499555693894984 0.06152299438565519 -0.26715854391777594 -0.5238276940852287
-0.6766512036010244 0.5129499632562475 -0.6907338929855037 -1.6170846249253366 -0.7116652940223072
-0.12244776826366534 -0.0412066822015692 -0.33905369811368635 -0.11242763039816012 -0.043266072212487953
0.2455396696977703 -0.36489431896598307 1.163687550433166 0.32453169202757975 -0.556742801638399
1.3288122900411603 1.5849554577999998 0.3133384851473246 -0.31074942411235146 0.2837848729852131
-0.7339987939270965 -1.081565260482726 0.8334088592920667 0.03150282647000976 0.15217118322533005
0.7543629869260459 0.8945815217062645 -1.097553615389225 -0.9253887724471123 -0.4279328144669361
0.3394525251472139 1.2537415544359363 -0.12109594616341504 -0.303740170965405 0.4002439750412753
0.8053875764884736 -0.1776287617109981 -0.14145254365633558 0.3943354356018247 -0.5257486241215074
1.4367705063304583 0.37101840852495577 1.1186501309795733 1.1834865184071148 -0.6176812743764707
-1.4821091353900844 0.0302225827995949 -1.5949833350103113 -0.3609581071244422 -0.5854134012119345
0.5223380326753696 0.3700745765387889 0.20358742162534046 0.6980471276255199 0.17032458188816085
0.1996457466883542 0.11121804330111308 -0.26248472739273265 -0.5963093055793304 -1.218401288702529
-0.17442471332297027 -0.2437268566256988 0.8584061585923223 -0.5085366400794133 0.987867776850041
-0.3872962565204845 -0.30831542819497304 0.1787014321153877 0.5567669685102911 0.3480457515532655
-0.5020900757938772 0.05552043758018437 -0.6299038639396858 -0.024751701005929216 -0.9291049444765156
0.6799873677113474 1.6528616104127383 -0.6257775542155867 0.7281560293910081 -0.5282827084888942
-1.5985763049592376 -1.4504189673390269 1.0729873154909126 0.14054953998182745 -0.01886884779840677
-0.4967365344662674 0.3068842290093627 0.1743881836838901 -0.5153571641660523 0.29189098151317905
1.815860993356276 -1.7041647673477287 0.6177174161460978 0.7266763787258735 0.48965464034213313
-1.3420002613309714 0.7110800170288677 0.11212588102145404 0.45973604021464554 -0.8853985218724613
-0.0626566706431972 -1.254687550304419 0.05033668337323777 0.45828114340101117 -0.6876710289271024
0.40448977711697165 0.3126211531797549 0.06476995270564097 0.3810842403146196 -0.6700815152420246
-0.9051578707072249 0.1276213351911979 0.36807176918034806 -0.31360005238095645 0.4705615872131825
-0.8364796068356963 1.0751094361057016 -0.47821621360983546 0.40463785334300656 1.7871961826334333
-0.4711293132964262 0.21867176711669295 -0.18526377133337735 0.7649381292559531 -0.021963953068417044
-0.8968169615492663 -0.38904202102662755 -0.055642434876885395 1.4853753941828263 0.34466027647765
-0.5682676238146304 1.2036736054835613 -0.08118993965691083 0.7966113072542153 1.0915513772888803
0.9003752153181502 1.6664049443991025 -1.1589314520975165 -0.14325938572854308 0.47339308212436126
0.212293676517817 -0.6425094095547784 -0.753920388763622 0.4251344240499429 -0.5005155215939565
1.3243761470912299 -0.10768563630013217 -1.3275220414543176 0.3313227807911356 0.13610564372330097
-0.9494482352961432 -1.1204192233240844 1.0622971070194933 -0.06920638234619389 0.8028182443981005
0.059081533437132704 -0.169231726858308 0.1309554165369026 -0.47315416009674477 -0.11884799171831126
1.4257415207213835 -1.2989597415868233 0.25092560150372245 -0.9901884195467221 0.1181188279748428
0.4329509069403933 -0.6231975646839124 0.9158800385334253 -0.4929482409610574 0.2636825014856888
-0.03023300679700287 -0.46056940488594494 0.551364465556398 0.19154696618617656 -0.501997108473244
-0.2559054157310488 1.2291960719248702 -1.0143340460741432 0.5937346328007046 -1.7667197454262558
0.2500323377500081 -0.384469886369333 0.3237694116664333 -0.7642823036512858 -0.4713472866988757
0.42260932630873016 -0.3780856931716609 0.9773888864043762 -0.435709343585277 0.837639881247902
-1.2363327989289379 0.4613042189020574 -0.7870882779321532 1.6091194423416766 0.7932564010797353
-0.9517116765635868 -0.89988536183623 -0.1852425922296243 1.2275554712583017 0.42871741094085414
0.3202199720739629 -0.41075790139243223 0.4817709452440959 -1.008393892942404 0.28735585198808306
0.6343175012891012 -0.1424872312506238 -0.47360967958506484 -0.8516395397065294 -0.5895940598140711
0.7947647757687079 0.9037825553429614 -1.6606285883456993 -1.3248037214037687 -0.7439139479348684
-0.3972176466176406 0.5121725604568268 -0.14448599056206976 -0.03556541497561403 0.34026899008910433
0.43278085422136553 -0.5299022091590967 -0.43084722502104444 0.06598216877278658 -0.42807246583978503
-2.2110443283982186 -0.8305670428609319 0.5770947442231432 -0.12452965911884865 0.4414256965637818
-0.5460181409205697 0.1152257706048341 0.08266644967464506 0.18929700832595917 -0.34761101258269256
0.8657603720001604 0.2850727703371962 -0.6023433931987904 0.5178667865063608 2.6872053804765055
-0.3391731566635261 1.0674980801994565 -0.21110871992623445 -0.37623189469455914 -1.1243729873319797
-0.3303709296390158 -0.49239831755210856 -0.5890245786725027 0.6081000572332129 0.08483244135252711
-0.21525894807652673 0.07304685028270423 0.4065991809315317 -0.10330751068121381 0.4384473545419173
0.40599807483952344 -0.9585854505906113 0.44192699818585235 0.5760008992296162 0.12984499069089536
-1.781555710659044 -0.3858382925282271 0.2874918407886809 2.1338949270938357 -0.9371096564886822
0.01746070349516333 -0.39356136518261514 -0.041557752810982125 -0.6707520162639642 0.0601503563443666
0.6529405871397815 0.7090288074954167 -0.5638798988635978 -0.22899511411062204 -0.8755824946759787
0.14828194001052256 0.12730360476199595 -0.2534233536346174 0.6940552842797546 -0.5897443359173558
-0.5085842447193372 0.04829091785305016 1.2718624674299333 0.42538492810465445 -0.07552275552539187
1.0578934305971404 0.011686987675667325 0.7408063085256654 -0.7815601439392559 -0.268244051827664
-0.7332542805085289 -0.3650132718758775 1.1397524542429849 -0.07371195989663774 1.3640978402126998
-0.5265031106564112 0.1416408672429944 0.03296745491378595 0.7513787945437627 -0.03453980063315435
0.584921542751173 -0.5942797027229032 -0.852198416706168 0.17923452979075521 -1.4152393447667804
1.0551900473230782 0.4379013761593275 -1.416020555956462 0.038367952263031274 -0.8315362428363571
-1.105244010558328 1.2933803022744488 -0.25767529755721436 -0.3375536380715091 -1.1397976610612597
-0.3918577434115595 0.9097452933950845 0.20670725136429166 -0.5369535162388567 0.6940262204209542
-0.17872706293022034 -1.6672353603226264 -0.6453216983291526 0.800417454345265 0.031659333132338756
-0.05491864188017995 1.088626146783265 -0.1948320586635526 -0.058039385493863956 -0.38343132672306945
-0.6640268522007763 -1.467098354752138 0.14240193669194434 0.693381833914351 0.050525488921926494
-0.08273099715820942 -0.21789394961339595 0.11112919159136193 -0.4631805592829055 -1.2147782624290218
-0.2817216293976283 -0.8638698262852594 1.4046646780011245 0.8830404729879188 -0.5458075352178342
-1.0617179892602706 -0.7906149244802229 0.6871865224476548 1.3668440627860452 -0.21207262102414695
0.1404599770021262 -0.2435632225364594 -0.9834586084469011 -0.10810687420574534 0.7743660951293508
-0.31168933842788704 -0.1954757456035169 1.612767020237934 0.16929242667885608 -0.5632292797213769
0.5713109355928325 0.44321131733151803 -0.07981628901758961 0.7614096404185852 1.3097921333695663
0.02672123794571242 -0.25189057429419187 1.1169265959035533 -0.06789311093815141 0.8046916076386057
0.14262740392154094 -0.16130783469330706 -0.4098606146175772 -0.3101428649530072 0.036851487783793185
-1.2141931218498458 0.293874872836482 -2.380635161782748 0.265070186668038 -0.24822230682793606
0.14178487624701916 -0.779078696413244 0.9195107002377145 -0.03257301854005771 0.7596845098514472
-0.028369869937202682 -0.10303847498603043 0.9322861661808188 -0.15780368995585853 -0.21027345570644762
0.5703932487203565 0.22568896957152376 -2.1388095180556435 -0.32278269323229825 -0.5076131680345712
-0.6923552783973318 -0.3364979797628784 0.600244494774361 -0.48441039107177614 -0.3104671667341611
0.40351983343426984 -0.7385806010159168 -1.1263122728509842 0.06779907317842183 0.4655358841807795
-0.6875402070325083 1.1862287874910984 1.1463315623953918 1.0765321026078616 -0.6430812174672071
-0.047354939832878765 0.3524503622206633 -0.7329430181249529 -0.8793070162604119 -0.023971596504763052
1.257551523238527 0.6350792865747343 0.6611743977229376 0.8290641570380829 -2.3361448077279827
-0.18242793153692496 0.653221025266261 0.004828023626624721 -0.3046177912517256 0.3883137796631966
-0.18871564345734973 0.7680478261156318 0.698259777903205 -0.1531147036539732 -0.6795918381599743
0.038922700783926165 -1.298540878870311 0.08326188888046189 -0.04439503766765474 0.7127888162116054
0.07299847006376797 0.5735307915453657 -0.6727739543030364 0.596352141486297 0.021985259879304726
-0.23171532879765497 -1.1857871790742198 -0.1583230941035752 -0.5847391904051641 1.6242801991719271
1.1390611460248659 0.7799340466902499 -0.12180862821652408 1.2940229206789027 -0.6343984612686838
-0.23432384896486014 -0.4197250665546469 -0.40937334655523744 -0.9611699520268364 0.6465046880033657
0.06830516167973721 1.256407114703406 -0.6768035464218368 0.9826752383393641 0.397322559023737
-0.45927638690551725 0.37995225088829304 0.7361444915056478 -0.5942064026255195 -0.022745677403960662
1.7610517157355479 0.9304153353274024 1.346911721250627 0.34120812412701496 -0.7883632609313764
-0.18898020304607524 0.10852258365321528 1.4391201444573911 0.6218984413370753 -1.1754878617592903
-0.5175464072625092 0.18203189840606043 -0.11392173132671056 -0.22209947893466583 -0.2508599467714483
1.0036315103828857 0.9982927336763219 0.46288314681164366 0.3666235320478808 -0.2741450620607734
-0.9217986735142852 0.2899025399670231 -0.1941718829716639 -0.9032981587301301 1.264203174166012
-0.2985626043469644 -0.0023569845185829248 -0.6067797728227222 0.5313078056495506 0.5456774956464241
1.0046909138548497 -1.1614262695620963 0.5535565293164038 -0.13841862579824732 -1.3531552378870624
0.951809683040566 -0.9514080564914691 1.424277192215795 -0.5815099320081059 -0.4717950130720093
0.2513592560988339 -0.3484220395168968 -0.989010759039518 0.08887582205162413 0.04389899068866915
-0.6830746912980554 1.2254300412270787 0.46957021883570765 -0.2326591460538201 -2.181893406262497
-0.6787578545346749 -0.7561966430743076 -0.12471392422732332 -0.24018697003851325 -0.06011935683808241
0.18818917009077804 -0.19714126994637876 0.39818837318397887 -0.09075140983719206 -0.9472665728849055
0.8093710953864438 0.47641387757011644 1.313569078986628 0.6421357755843196 -1.0292418690518876
-0.42009180218475883 0.2540845247942106 0.6590582922999281 -0.3092574915504265 -0.6397900041530388
0.034976873320611154 -1.0221693758401509 -0.6702190602781167 -0.3660806887133463 -0.6351099849399714
-0.12212319314816923 0.40370517815552726 1.0251602237791495 0.02903676810367962 0.4842451900300703
1.0563670153059483 -1.5194406279132413 -0.48157927017753355 0.4622388152083776 -1.2575520394034343
0.21363631598655625 -0.4541535963879294 -0.6808533248286982 0.5203941505765396 -1.2662605540382412
0.1649266831132432 -1.388519075826926 -0.6620340984722337 -0.09809997246228717 0.7547699391568179
0.17292579513593018 0.11205623709174506 -0.4525368924940414 0.13464094319848838 -0.6615714011280109
-0.43818098427480723 -0.5072287002122087 0.1048166411508899 0.13562429197601206 -1.0317646047251372
0.25720896659435283 0.4249157320536726 1.1015954541658581 1.0431812476046964 0.495569388308462
0.7910521756410045 -0.7381065287405684 0.7422880589115495 -0.9060454291671829 2.415289312299245
-0.4713899170833118 0.16194283967064751 -0.9022201094007208 0.08583572065702287 -0.15717773672388277
-0.07546179853846324 -0.2542799896088632 0.031915064593398046 1.430514571479689 0.13602568656450426
-0.23660703876946818 0.4299133215080724 -0.9103695099456062 0.559236085896686 -0.08854098455264649
-1.5487975316075493 -0.3277693612630374 -0.3284189168278104 0.5436485635532734 -0.514541777240871
-1.1279532191099504 -0.332222215470552 -0.024198547104525785 -0.2715203584155065 0.33414386763902676
-1.178636937152058 0.15525481492230409 -0.3923927216372799 2.1539959111460423 -0.185863073682539
1.0780438509982333 0.5291065053399622 0.08591070587051204 0.78280917892282 0.37644773016040084
-0.21726999029062805 0.6900591865092378 0.38415600674461187 1.930884562410053 1.7698981249455845
-0.7676264203227654 -0.22663158839792982 0.15837332753896194 -1.2246784222544367 -0.22239741137677285
0.33697066396507724 0.3611400777929566 -0.6288936219092206 0.09151045051908491 0.1523115412602295
-0.5661198800013212 -1.1910261237621145 0.3496900585066192 -0.10883872657177829 -0.12592866158561994
0.35982013878731633 -0.9716256000809371 -0.7464640717098728 0.018529170440667337 0.7423709984202888
0.8516024090090777 -1.0221242966699968 -0.05300452130025645 0.01410178074160448 -0.17448347067808548
2.7079100796713385 0.24695497821991025 -0.6599648179990624 0.13227583983232855 -0.47483351750511416
-0.14971977543162893 -0.3956497755033127 -0.014386684294561714 -0.33281366838087667 -0.07460561632897761
1.1941404885463562 -0.7050161038521202 0.43958696604053243 -0.03875538214045573 0.19939234763145056
0.36133636887094983 0.11939022737759938 0.3717226299841145 0.3830585963862399 -0.7690596072445075
1.4420107907807085 -1.0808613798358264 0.34505438490350104 -0.5998791024537102 -1.352085188241178
1.1500442770710733 -0.4178680055613346 0.7755120586130377 -0.7753183968613662 -0.14542953712974324
0.7721928270692063 -1.4772791528207674 0.42278674139695827 -0.61777029342344 0.23006781959865505
0.6181947489186222 -0.4700780277349293 -0.16104760870318924 0.7551453433685947 -0.7891972384478342
-0.9514653568267555 -0.9328637170753111 -0.19105206955701334 0.36168823386438076 -0.2801585472048547
-0.15333435561668557 0.25893058857763324 -0.4898098112650709 -0.24010851269460198 -0.6571218859453734
-1.1659439682936534 -0.0056949498264299535 -0.08318075984649995 0.46340896315993757 -0.6629579110646623
1.9751404098538188 -0.5146092180006864 -0.0077732548632850115 0.7908262013165542 1.7578719698448346
0.9741358738560567 -0.18815759731897672 -0.11946507139758479 -0.6883104008187769 -0.5431683598775847
0.2846902270015033 -0.739738031045683 0.29485360619173157 1.261170354502636 -0.2763207172002022
0.560795719886844 -0.47547289236947476 0.2034519456044467 -0.8969274027485918 0.8314025431114889
-0.5578904987387383 -0.882389376459831 0.31701582031900816 0.3976413197972926 -0.6882226801224257
0.08896539188163019 -1.05988973864639 0.03549130772603388 0.058972483482705444 0.38299940977821173
0.8492615721425936 -0.15190712429102357 -0.23431324677079632 -2.4329207725205917 0.47746578250025623
0.6540134915854804 -0.09976012186323685 0.7427609333728091 0.6834978989195784 0.7910047081993333
-1.027765558827866 0.45357187043679226 -0.3668655511763522 -1.4252105668629356 -0.21301178908044996
0.9764627941786896 0.38068402799717643 1.002249398064216 1.1889539068868011 0.2753669616467553
-0.5159455499669525 -0.5904398700993845 -0.7235872780858974 0.9220120915892871 -0.020767686352530665
1.727824438099812 0.4119201687698372 0.2590198180865922 0.386181687103623 0.05369581785051816
-0.08928469491430045 -1.2512852736252003 -1.2404890487754883 -1.4726740128170075 1.6652336987897434
0.30112322329422186 0.35364105132981016 0.2285261167563948 1.161803033462076 -0.5701405850269112
1.090308174809672 -0.9437422414955907 0.4874841035239496 0.4937882233021715 0.0813069866570597
0.1472892609716023 -0.5334678513845871 -0.23266865005928752 0.20147376403186046 -0.5920937914246441
-0.24949762227861694 -0.2891123664893288 0.22129937585035014 0.5375433782180529 -0.8431938116693384
0.39836199925950583 0.1257503537954802 -0.0071770521399369975 0.4284522786119026 0.29674694903320914
-0.41030581611594424 0.3352696243859356 0.9904815111904214 -0.1734133514081566 -0.3091640493935671
-0.08909868880922761 0.2739929150201593 0.11370123182794474 0.2609874520127029 1.4952733417554827
-1.6914768585142932 0.2011464001610022 1.4456444692709856 0.22781726505561567 -0.9678144707043428
0.7696743822848775 -1.1881658949817029 -1.14403050303751 -0.8968651173396558 0.42430608867202246
-0.06952415738092774 0.8688521373684933 -1.1039593111598884 -1.282700659470279 0.9876615625182362
-0.48336019096619554 0.2363514514302476 0.2404285935779708 -0.1316084517026353 -1.2447275321358156
0.8198735760396884 -0.606707725515962 -0.06339081580842672 -1.1640604809586856 1.5253708906725811
0.3856778996009687 -0.20781117790733517 0.2659493236542249 1.1364901684936557 -1.0214696205836147
-0.49432694864520094 -0.2069910289398226 -0.11861327088341339 -0.6104124341297057 -0.004474568271763806
0.8164381095500518 -0.3102726612314928 -1.1892966478809883 0.1405949227944525 0.8586114794253551
0.02166268910782401 -0.7308892719110274 -0.9670282909795188 -0.33137292256175077 0.9216637648063926
0.42634055646533886 1.520478832030829 0.1488782097195151 0.15547593248609962 -0.5334697839940412
0.6484335586532215 1.4001183199234766 0.4728848207537472 -0.5665992711254166 -1.138318019997535
-0.2617152884256812 0.6553864419934333 0.9464831300276562 -0.8144859773434588 -0.21107960883245572
-0.6906985786956007 0.22508384821375324 -0.6202344943377032 -0.10546009094071951 -1.2732292090936899
1.0999133084481831 0.19497250304932265 1.534514118548017 0.24637565338499573 1.5010092613873411
-0.6311157621815763 1.067041245766954 0.1932765265796095 0.04742443989919135 0.19420952242869527
-0.564693447206455 0.8281085926106798 0.3003642111443296 -0.5976352102173642 -0.44529058231449115
0.33717360679075303 0.22873165694887393 -0.846110586347953 -0.15066072707460704 -1.371435548362917
-1.0441851390226387 0.6702184490688582 0.03025737095610155 0.5715715710856477 -0.32500838092044126
0.5409781482641639 0.0356241378981396 -0.393223655819506 -0.8979444513149263 0.5104262468057202
-0.32223862116136115 1.0211848095320994 0.013313405680262772 0.3802566498560672 -1.5317196066767949
-0.735661969269769 -0.06843045637524377 0.47157493607733125 -0.5227069021906294 0.4423393502817467
0.0719081590020512 1.1808717005740919 -1.0103090987711618 -0.014717715455559654 -1.9306579303901161
0.9798934931582252 0.14100352563871815 1.9396981021753106 0.7913948285359018 -0.16232010101098962
-0.5216888864867094 -0.3073638218024228 -0.30766232832814416 -0.22448471204196344 -0.09969254552066656
0.5952077879030317 -0.1718370737382527 1.24028513467671 0.5726731004205822 1.0254957560600424
-0.15755095032655284 0.14364997705371102 0.7162415086885648 -0.11048939226515164 0.4051522533994117
-1.9054478980290162 -0.4855137844562276 -0.5667898977556652 0.568955271287679 -0.2149162648871169
0.09573083966267114 0.6251558450933081 -0.34551273906599206 -0.17774575522305994 -0.5111750799718165
-0.7105830558658373 -1.3239532338724684 -0.43567089315548757 -0.8731829810788657 1.1332419140014938
0.3234964458509695 0.23433160293306865 0.2552126059026907 -1.303694391138657 2.0820213559062064
0.3110691990051986 -0.00562931225749371 -0.02466528649131944 0.7625310985759345 -0.8488768387141677
0.14874216664887524 -0.9747360932511934 0.5547426116214299 -0.47758135895929615 0.1942510882728639
1.0967249743662877 1.3280288623364775 0.012977777206072365 -0.7136148875962728 -0.7409161721343316
0.3488884766989611 0.2274277562837398 0.09722117528379527 0.13062811013165937 0.1858843663081236
-0.6604169674496786 0.35499221672631925 -0.12629759332168952 0.8312913432967008 -0.2872326997918637
-1.342478302061776 -1.3387519663877123 -0.3154611356866254 -0.5151808075070747 1.8123156481666967
-0.6719037595639448 0.6443901623203332 0.5106161409348097 0.624843710610913 0.3716266106348093
-0.014027160659626703 -0.24506925440399824 0.32461075024410097 0.015316115420463069 0.689515366080504
0.48590063904987585 -0.8897754564964137 -0.5854702456985594 0.31667966160562144 0.7262482435602761
0.9547543896868766 -0.25820458882891845 -0.7866432281210193 -0.7854826036811429 -0.004118066354661824
-0.9984057948333093 0.8959648066988709 -0.36469329549821755 -2.0982940093196967 -0.9981506082665361
0.1364359299984554 0.4130673773960954 0.1658924695588913 -0.963952253808325 -1.0860944159910007
-0.8345475581692076 -0.515105426025042 -0.43030466232256404 -0.6155853191957019 0.41385012912966396
1.05002393575102 -0.6769452743404105 -0.30274637914462654 -0.013676172247504687 -0.0016048037524762746
0.49730689806363676 -0.4541031039690052 0.22953973889135634 -0.02416058526606741 -0.9147668050312846
-0.9644368316000229 1.8330663371412164 -0.2898056290289254 -0.392599706508863 1.668785640672213
-0.001981752176522908 1.5373507496273153 -0.2323146543318395 0.24718023594409083 -0.16036091261618904
-0.1884138359639528 0.6507870262947311 0.544588178417897 -0.21649580418539874 0.2288616056158849
-1.1583014163448013 -1.2201914577014863 -1.1862965376088492 0.4496700336584386 0.5260294827694724
0.17609483441017118 -0.38191017424438806 -0.2138345740145267 0.4847823023848027 0.7321640456245543
-1.2465570238720536 -0.3827210799763251 -1.422682796170321 0.6144022738933365 1.1465966840491992
-1.0218807480606416 0.8053867485168268 -0.4912530062010948 0.37398602422167404 -0.6745232614937394
1.5114108985714632 0.34613954050042284 0.13379345079500868 0.3062377751409979 -0.6566414687872748
1.5606113862236632 -0.5817024006117507 -0.5216718244875833 -1.4067619311056274 0.5820137152095926
-0.4024217173030018 -0.22815564449362494 0.4476521088856795 -0.010888997844779503 0.6915433687736281
-1.148551457517 -0.3681570459918106 0.6864800849782244 0.8546172360193711 0.21251272299718074
0.7401117352933448 0.23689322870645949 -0.23069410042572705 -1.3829102349908577 -0.19061768265962142
-0.4810156034214503 -0.39367836628128594 0.12551806448578698 0.15143825248898887 1.269075175316582
1.8773214628387915 0.6488744454364511 -1.0123175741937458 -0.5379195283301632 -0.6610233203018814
-0.7913855675242762 -1.271625183728072 -0.14308418163422967 0.8389012522387224 -0.30532246193532814
-1.3046294811261852 -0.9584887202534126 -0.41191115631467673 0.41862190130621785 0.12355558666435532
0.07498549181142038 -0.11770125031759163 0.30280164492431416 -0.3177041185424512 0.7245814637393055
-0.28622649484433754 -0.6325353294290513 -0.04335493616601792 -0.5585392435477868 -0.3949889906409752
-0.27846605282475384 0.3222612535489682 -0.3748113153696906 0.011138045847720053 1.5205790584663494
0.9886122926210488 0.040606130040167894 0.11716107584618059 0.4978162860120825 -1.667201880876213
0.16769430068853491 0.4929661125909631 -0.09107877369750522 -0.8381819978860899 -1.3339172118995686
0.7084486830400306 0.5835933285803009 0.48985703263807395 0.5113584289587272 1.6731676336475378
-0.7981308786944981 -0.9024779409321974 -0.16282879106537404 -0.7355931378939814 -0.1695877733849273
-0.28487865781355665 -0.9877308865700771 -0.1907459891557469 -0.4832453499548118 -0.9827703768499411
-0.8755035180003563 -1.0576764544489987 -0.682952043992552 0.16640017140329155 -0.27855401749554265
-1.8144885771596273 -0.15884860257756422 -1.5862241616729174 0.6231677974980708 -0.8529329004220179
0.8026710302653766 0.05650629089343846 -0.08534720992317119 -0.07268175698231961 -0.32258585039598064
0.48426247052225896 0.3883754138032541 -0.09240814248692261 -0.25435637454500537 0.051855499981206477
-0.6815368135037672 0.03485279594701517 -1.4250544512875134 1.1859372968784205 -0.07252599536085627
0.9788229725743937 -0.8519341931308774 -0.0700189991037084 -0.9999798861287903 -0.04595349445364086
-0.5282360321731755 -0.12667928890660762 -0.031214501189185347 -0.6441059302108516 -0.4945104255623888
-1.3999664256679059 1.2181831629765503 0.6426696514855433 1.571306684834273 -0.41133978240564006
-0.28100912354065877 -1.7317737247527263 -0.04988270494861125 -0.6379330814150963 0.7009611751878918
0.15822689397553852 -0.9148905033960459 0.033119010721369906 0.007488070136981471 0.1956147636677727
-0.6484309757089607 0.6397610807933758 -1.2071707068950124 -0.22661473949882788 0.1304288661051205
0.1463752459807222 0.17794120327165752 -0.8118805668215883 -0.47135336268076333 0.34217326463392456
0.24621189458822396 -1.9367313111009414 0.5942653763551508 -1.361761959128292 -0.4523791333605387
