5 120
8.1241080144686055 0.69194205248724727 -1.1512258567081122 -0.61143885146681298 -1.5628874145942326
-0.60594185205705986 0.80826490683068397 2.242247841899156 -0.43173111505949174 -1.1443499510235327
1.0752835989948124 -0.40989607639302522 -1.0974500512584096 0.43385827248010439 0.19218765717581723
0.80438123908687942 -1.2582432842007667 -2.6551924475675484 0.083073898322596651 2.3440038962491889
1.5209620634274981 0.30285986543082583 0.63991578616406364 -0.49658150796172196 -0.67345192270420495
-0.033871579278339989 0.48575178116345469 -0.30797465235280092 0.2438077217188116 -0.14329188563200923
0.039795839547965853 -0.87604824643560786 0.74830645703417176 0.65773246644084027 -0.67560505194334386
-0.30345995316785018 1.5111253709072003 -0.46396695245404601 -1.9385649780111278 0.63147099147758934
-1.4196052732431697 -4.8110008511406939 2.0931260327534655 0.45252927986125285 -2.2668829165689082
-0.8192694425498106 3.3484226500531578 0.13728606347004599 -3.363268204029958 0.47172595964692593
-1.7110109650559824 -1.4124700385665212 -1.4327775356056218 0.75571543267545505 -2.795919429761887
-2.1918946834870132 -1.0734633053719942 -0.37058979983808432 -0.13630641379920505 -2.3249684621469857
0.083062932045723348 -0.34331256864672577 -0.43592172081412806 0.088800527864222892 -0.16912801088267576
2.5129409201697888 2.6269722754728657 1.6404589763585002 0.45389452765195815 -0.48574409717675721
-2.8243586777192111 -1.8879740142800749 -1.1237359715963595 -0.69076867876941561 -3.3935426609779369
-2.2917454305104341 -1.0533249114267973 -0.34534053406998516 -0.023783580047648769 0.93521393318183987
-1.3826566089452077 1.0472040457726313 1.034767863237013 -0.57634306016595893 0.5394053161229353
-1.2094843771995054 -0.90579935398916622 -0.51749581376004028 0.75468747971718442 0.29591735151304044
-2.2636508218153302 -4.3314083490701352 -3.3323906350358556 3.8622733995910115 -0.85697523445993573
-0.13633585746373311 -0.27547123428668824 -0.7109557025704305 -1.2693139585448474 -0.67019948913635807
1.9607755174614252 -0.86934316832331415 -2.4710676386068267 2.2667271483295113 -3.9047795883802126
0.65970406321337682 -0.005710097426133578 -1.1173569299660933 0.6192662130034543 -1.7201137017731367
2.3736473441643895 -0.77595919621952647 -1.507309618439906 1.673304071701897 -2.5744489136106958
1.1439308828692956 2.658399104630714 0.074159414658028611 0.72551116545950489 -1.5679894174302604
-1.812297379950276 -0.78310692543982652 1.4410533827184284 -1.3995503824718649 3.2661492005537029
-0.71923691111263011 -0.3270077712450401 1.6754293439933032 3.5967686404711419 -5.0510389369418105
3.8426093693569423 -3.6354310518684785 3.7495372619925575 -4.7209294715121617 0.89537938597623568
-1.0847482952443899 0.71891018820142405 -0.59703006470924502 4.3814384246614324 -3.9125236956399525
5.2708679719168012 -4.871630069478023 3.5763992087042071 -2.6254070677777124 -1.5159532521548156
-1.8896993887836697 1.7454734074038665 -0.95572354813296956 0.50355709445912866 0.56508681507673686
1.8732100771771281 1.3264929688510645 -0.29400256270751018 -4.6632787604047161 -2.7021104358158592
-3.8589019963157245 -1.3035556969094537 0.66177645502968285 1.8525562647085496 3.0764038387582531
0.17929773816952316 1.3744462406369142 -1.6355069979368273 -4.3674620127568557 -0.93173262275235025
0.087300843237022724 0.38595757526127145 -0.44726140270300985 -1.6436717713871238 -0.58972390285263143
-1.1965838179854047 -0.012190335428565366 0.39966693271475112 -1.1064940830004153 0.11591556686548102
2.9163008902527459 -1.9091955897157857 1.0759388236313934 -2.0383163061227734 1.4639411184914146
-1.4966667794456978 -1.9913734667735985 -0.31118494186938561 3.2303287294480825 -3.5875583327641998
0.71390141199062596 1.7088890010583533 0.82635685985699237 -1.6106684007592824 1.2968178277982179
-4.7598427152890093 3.0066248156622382 -4.9178738443175982 0.21991276626429163 2.3453562345357608
3.0750484136707024 -0.39863823865395193 1.843896909796201 -2.5353381871806855 1.6578270837889526
1.5376625527487617 0.13540764195380434 -0.19625117735891989 1.080474334279393 0.43523878246498338
-0.76996715899161483 2.0977682334646555 10.256024112713122 0.20895469106065973 -1.6127971412678799
0.053676022620960065 0.22188823854674194 -6.5017715655756003 -0.25797440556826218 0.10536584506641128
-0.48466634352455745 0.86156653575843578 3.9964367265904013 0.13719434728058244 -0.70116373850245473
-1.2888657343416823 0.74022394844778383 0.44130002790922224 -0.77451948824311445 -1.0219590279583983
2.3631466706042978 1.7695393237884267 -4.580898780378603 -3.4006837989574925 0.49001778468814294
-3.7990428074152627 -2.1670390236426575 1.3861586001108874 3.2815757267046557 -0.24909600242372582
-0.93224609403083314 -0.79992268208125306 3.0339824290850297 1.3893170167703588 -0.90410204924808746
1.2531151064115271 1.0399585715708446 -3.9828280785353716 -2.8214197080192474 1.0052310116050343
-1.9070136892002922 -0.79626784442896181 -0.58174378488616596 1.7600845419650666 0.17081806444405018
-0.6230372412555033 -4.1628384385261628 -1.1739590726412243 0.39581791892657697 1.0390476124301915
-0.40617323872789191 0.20440978394636772 -0.60405329519108275 -0.13099537250269722 1.5334889302064632
1.1418880954091073 7.3416405190417606 2.3870989736447497 -0.3553222633987872 -3.9228269355532115
-1.2139504983087346 1.8870250416661234 -0.3311523405521245 0.75681230803671506 1.4846298990817433
-1.1811239611825088 -6.1675619776748798 -2.0984751827544454 0.18746766656567376 3.2787695456009769
-1.6905160187077219 3.5850222066445796 -2.9814059760097695 1.0289967664321924 2.4449549263983523
2.0692989116849851 -2.5663012217054999 -2.1890201928554163 -1.5730116581570965 0.030779932564490405
-1.5919331820435572 2.1763711453445596 0.96217770271953884 1.6546434376303596 0.85960858020122011
-0.075812943678474715 0.96486182678269383 -1.6885006323604528 -0.46500498707611942 0.47934436900780408
-2.0611553351679608 2.2361251295394871 0.29693126061701747 -0.29727639352241314 -0.26228460174456014
-2.7620309692814597 -3.0793662044316501 -0.30655219703513892 -0.10081203385111602 2.2139252719143685
2.9416299534047603 2.3503812533949002 0.58585493635010621 -0.59097197928697986 -2.4238350501253905
0.95897606851590544 1.9664360807860188 -0.28842010188294254 -1.1777933765464002 -1.7629584821190272
3.0864143270614162 2.720840165175527 0.634511666849355 2.970176590659821 -1.4130923743538324
1.9011367785979381 0.22035525660211641 0.7925492521909947 1.1743668999327177 0.31397537068402875
0.51520814453589825 -0.74244710974268746 0.8027651708818675 0.1492835235632424 -0.13321654625349402
-2.6810459029237759 -1.8154888816336472 2.6798834037292254 -3.8899890467266331 -3.2753563626338282
-0.058028390704219238 0.39680725302626013 -0.52080337266981624 -0.091496812633374655 -0.4812838477513543
1.2886623458917963 1.5835407085614284 -2.6670195322910031 2.0294185710287911 -0.81161748003286649
-0.49563102262825631 -0.39746885463690956 1.0368271485323248 -1.3421433847606707 -2.5217697019184309
0.085636289082221401 -2.0711568107264884 -0.17937509132706775 -0.17491085087181218 -1.6070765004006302
2.2872751737744568 -0.54281429160793704 0.42632800479668193 -3.5490674206220381 0.15796890446913672
-1.642221831660414 0.74514675854190793 0.85298438440807844 2.9143660208008 0.88330727050479541
-3.5467899404148513 0.80416119552986987 -0.71923984270027441 5.6200451528814774 -0.10418215258172002
-0.45986657008177029 0.48598448754627155 -1.0713129155458772 -0.32675745334042411 -0.079853662336185974
2.3761800315044832 -2.6787307746231974 -2.5884178559892788 -1.2456332122830225 -2.4176145289622468
3.4933189197642234 -1.9896977989389732 -4.1907701210617665 -2.3298563697464822 -2.1769560073143102
-0.0034973055765159375 1.2055795009078709 -0.58839813839840682 -0.052252220338578265 0.80182693847381314
-1.2330578464459605 -0.30226560616149917 0.14934098352149916 0.85005000981047418 -0.63114900123118134
-0.95120554738812979 3.8271727256642118 1.8824466836460296 0.13212545866451719 3.1277668429733261
0.11292200869093243 -3.2435790573730321 -0.22726246911471865 0.81722179941348139 0.32285889630481418
0.28316636121399497 -2.2694774707258247 0.41006841499813707 0.99948360025933181 -0.81400867413968414
0.67934073462236966 0.69948227778667438 0.64450432419104797 0.53051373645063216 -1.3127885909926027
-2.993084345209136 -6.5121960291537038 5.4263821877320728 0.52025866401137455 -1.7683251599745269
-1.6589468335454918 -1.6991051006828652 2.5188501269926529 -0.13177568850677848 -0.63571299924165847
-2.4082564437262417 -3.0251257381819534 3.8426624199120019 -4.3240670312227003 -0.032046300638849425
1.4979297886596039 2.9891676883705411 -4.2335289273515881 4.5037845365782783 0.10564254542550652
1.7685834630103829 1.4078807116886436 -2.4816715445390054 -0.038496996499939255 -0.85105959816817311
1.5441977873212853 0.95607418998446558 -2.9363189572760371 3.4318181956025402 0.18987014203761604
0.57802081227167112 -1.7745106066052196 0.022196587542278025 -0.72410425057992711 -0.22425997034067982
-5.6464665840455392 2.4381841613782238 -0.51231400234610613 -1.8562819795264183 -2.5024619858220025
-0.81741883593425846 -0.60782707047359341 -0.26092771291991673 -1.7637329566791271 1.0432308890039452
-4.0778714883086398 0.92029352428926836 -0.014793164937547667 -1.4654834429037529 -0.98982782766629185
2.8931893445096999 -0.74690011741740869 0.13364661186096291 1.3565940577666631 0.25369403367532695
-0.96364727313888188 -0.61128097835531059 0.83896821159152379 -0.11254024388097973 0.23345604426057237
0.36863508557631824 2.1391137777270806 -0.22240418647580643 -2.8722325835328397 -0.61367256000527615
-1.2795502632260192 1.7710162815606776 1.6335509231702015 -5.9705421237976211 -2.6154420257763356
-1.765198951887984 -2.5326013236605998 -0.24659654290724764 1.0334859107293188 -0.16922092834200875
-0.41835499537537191 0.77350511879044848 0.29954104372329299 -2.3823024773527557 -1.0172391540116512
-1.0721332251499911 -1.1854292740918368 -0.31048995972537197 0.96901981276279581 -0.16418764684347195
-0.24977730116084493 -2.997932721467945 -0.96848931143896699 -5.1264117618842295 1.9185161038504293
2.9486857980053602 3.2269893802725047 1.0364319895598706 1.340782762811038 -2.0446999999696094
-1.9517778532452466 -1.1731649246550577 -0.59381819177210227 0.1728962741424912 1.0441926694239492
0.67660476347024512 0.12297517047520522 -0.16171006759546497 -1.5174443802816797 0.4851040661523523
0.27910249336568682 -2.8723916119637201 -1.0323215071303191 -3.9741831039244389 1.7341424970166288
0.94901962020348762 -1.2491899705209959 -0.30060245456751067 -0.047048950102948094 -1.0362352572593967
4.9661114499206489 3.8367950429863793 1.6594931193580376 -1.3808474622608249 0.3088100033943299
-6.5520397741089162 -2.899918161602006 -1.8659549934450408 1.2438885957865558 1.1181185406772689
-1.8205201926430812 -1.261055220799755 -0.40158611519153781 -0.6433910640318804 0.57150006602309023
-1.2726988089472877 -1.2169326350396765 -0.53810383093313263 -0.055507386506283056 0.28633196540812539
0.17762854439993195 2.1210241510620338 1.8757485173252746 0.095729617658970714 -2.5378852813422399
-0.46895765532751288 2.6288301255610733 0.58465684220026859 0.81621447091575117 -2.1000614639602202
0.63581224501325784 -2.5765274309567188 -0.63804757964764902 -1.0900228764492266 1.0704247772718765
-0.32000951823440293 7.499610268075628 1.6127002829322088 2.272816292081389 -6.3254183535496979
-0.26831050237523096 3.2487966688053076 0.50478759401601614 1.5056486808987428 -2.0757489404291896
-3.9282988909346885 -0.79002210124509797 -3.7831367097365933 -0.53572360751064707 1.1334408537790679
2.9966342875690275 -0.22582954721192824 0.057615464946704151 -1.12843629011146 0.69585435680292385
-1.4648185609521889 0.022847690710742989 0.30269757057994418 0.43043142173982496 -0.62877320863972164
6.4706122483915118 0.048503808252251632 -1.3033584746702949 -3.2073555994840808 2.7549771228871562
-5.5119731016663049 -0.32120283338780459 -0.98332492216977918 1.1848176009145011 -0.73729674827803116
-2.0601091954281507 0.23815010188583641 -3.3248296611458761 -0.25056490919252117 0.12644835803659665
-2.9384764160334558 0.45078132531885123 -1.6385074361271177 -1.5878093932775392 -1.6108714642902018
0.68166655114201413 -0.71269390740351402 -0.85532179332939806 1.5428787669635593 0.93582467283593962
-1.7341569647032522 -1.4208685700625261 -4.3731067301828848 1.2694577647993719 0.41560211997858387
-4.1515372813036366 -0.057880783319129506 1.0584074294436858 -3.8391833884379665 -4.3913738294007763
0.83331544269007551 3.6913850382171849 -0.73068817489085536 -2.8493812661043112 -1.6040979438387022
0.9687207526902013 0.82544405256111764 0.17498675544419473 -5.6460292344100713 -2.6144949595358362
0.64377023164265468 0.77973899289458359 0.081125525631319001 -3.2980571154740606 -1.8871651732372952
-1.7914373437244118 -3.9494633762954865 -0.10772103333320786 5.7577664920831193 2.2290346843575519
0.68169051597948493 2.1383322174908739 -0.18785231776745631 -3.7316816645991109 -2.044973404345916
1.1775367753935237 -1.2171487146104456 0.008710920368354998 1.3663396023976 0.74701900134620813
0.47417672920295295 -0.14588376360548716 -0.81369990489573829 1.773379431457182 -0.88169244531893998
-1.2873910589194568 0.98369281160860833 0.28199196399823151 -0.77265227286254967 0.67975129086999186
-2.4387116950385597 3.8226916258999051 -1.0892822129218482 -1.8819349871660156 -5.6934511494654858
-0.48900665253339509 -0.1178787741556252 -0.85318178230405328 1.3416823727962888 0.1674247286156281
-0.29714491930439346 0.11782852747499239 0.2966024262099729 -0.32301099375452602 0.63568801648237261
-0.019334646860815298 -0.43688875380783293 0.21651230899575219 0.14047368222463982 -0.55944507962490553
-3.3302401628871174 5.2346844007131796 -0.38262842009866738 -1.1165990070516152 4.8420918830578863
0.31933550277013034 1.06830666537467 0.085925568033542871 -0.62461792031352126 1.5876743153610586
-2.2314694375864317 -0.96826052698557608 -1.2890363223555437 -0.43909501420871233 -1.0549568832451541
2.7151724052391444 -1.0109081791749144 -0.44724376816942546 -0.10158297648202243 -2.2954110375928454
4.1619707001731161 -4.1562969021862877 -1.0576426651303044 -0.71187240109980787 -4.623777003872517
-3.3431041493365794 0.26641472628196394 0.83173190855176626 -0.39740073768995315 2.2789335368573536
-3.1080486121507649 1.9346887566781521 1.2003738337261309 0.75238233987781422 2.5899704123529501
7.3869252247111925 -6.9658494879808543 0.49608957681524946 -1.6717429952121547 -8.6417994341130555
0.91493962644775417 -1.3784377398808099 -0.9594222379200823 1.08748713598085 1.2174754412676501
0.93403869138041984 0.31880643448581797 -2.4104153607818386 3.8925927681261578 2.2913942665501734
0.19713099385246491 -1.9973435563866813 0.53460065257172362 -2.7740011083098484 -0.65754938593134449
-0.18679963550743295 -0.48333113247556159 0.42661217176051458 -2.1557794794493881 -1.8531417485628119
-0.75138843150140622 0.38579282293355521 0.19701098445856766 -2.0240400271818242 -1.7599717961612462
1.7282795540633782 1.5930976353425061 -0.6632855977425427 -1.2049218556933414 0.35171963791935063
-7.1474329427156178 -1.1825997365369985 1.2381472750599281 -0.37370383831550669 -1.4595897254566399
1.1494197216731579 0.81568462240227679 -0.65527283632455802 0.57108204581034849 0.35610534588855725
1.4322127246198626 2.6447651696609671 -1.0563145135878469 -0.97574041549749801 0.99568572793700516
-1.2954365461662796 1.5727635281407493 0.0099425570485548037 -0.90880171504622653 0.8306258374088803
-2.3135991517149659 -1.0660441875295479 -0.35543393146552088 1.9828127815559733 -2.5759511474832135
-0.56451648038606217 -1.3705569665850419 -2.2894330689511331 -1.9611991396637725 1.9065611774792972
1.8354535943269314 -0.28219912094820127 -1.2649245339535353 -2.4826980002593237 2.4839814700130951
1.1174556385642294 0.49585884889817605 1.1520313051548039 0.81161045144301625 -1.7174956595918411
2.9292401475365279 0.44976915618016194 0.13888234672485814 -1.853604691887661 2.0672780552722254
-0.83380790898618029 -4.394607266476724 6.1015591792679276 -0.21593250031720876 4.9380655385878427
-0.6118765540354657 -2.6295610641296796 4.5130062512114772 -0.27720568998618389 3.5545018122822474
-0.7589962143190998 1.2920595701838185 -3.3893596111518351 0.88519943619817698 -1.5487890144239593
0.33770930156632523 -9.2761441304852088 11.393144576024271 -0.67682230884954842 7.4750819304690905
0.94994324190626345 -0.7094415206810647 0.55812621178120925 -0.1132474898445613 -0.056420614797414996
-0.1484436686180059 0.66298895830805127 -0.27084179240068412 -1.4503919124925257 0.56725652239330049
-1.2435824679160932 -2.3624932323488408 -0.62664166624563411 2.4304052739084177 2.09971353885935
-0.00094208478655435045 3.8672550888560133 -0.55879203030028424 -4.0750862906104182 -0.20631018361320952
-0.47787816587415444 1.4609452379793237 -0.87340868210090084 -1.242044566562803 -0.15080284428348029
0.17738800277334504 -2.799072100293087 0.70179072344119875 3.0043432176083473 -0.70403955347142944
4.5143953089751205 -4.6232568414298294 -0.68302277264763323 1.2905229484320933 -3.5880075141170629
0.98058796020448025 -1.4720539749081265 -0.16731997911155003 -0.28647753138909599 -3.141281723661054
-0.48343706910001577 0.098887361273064009 1.1466048611900765 1.4599305325398089 3.9581920692719517
-3.8024265080986139 2.2557365331540016 3.1131492675795425 2.8934235013151821 7.8973349880811785
-1.2377767320685467 1.705935283923846 -0.041713102563332854 -0.46884503674644962 2.4008233118885118
-0.32003364272417356 0.27020243152357243 -4.5718151608146078 1.5010905285997518 1.2684715604932202
-1.0943846146049672 -2.4975823987204762 1.9474400407512116 -1.2757839322133431 -2.190864307774369
-0.51462213277024604 -1.7582899921433937 5.5536747746265034 -2.6784479745106116 -2.7166448904829728
-0.9962923048335488 -1.2695294421983041 2.8870999880722499 -2.0675907545928021 -2.2710045234083256
-0.0060697554768143818 -1.0800916847968935 5.0702174019692663 -1.6829944986076601 -1.3343999233080208
-1.4694460276948287 -1.4499921493331061 -3.7573451835963105 -5.1061599421013879 0.84559972944129003
-0.31354788001783551 -0.28444369971080802 -0.53263652296194208 -1.1104648332167788 0.3509781959246821
-2.4322445360684672 2.2249094439976265 3.9034603986883689 4.9126474711910042 -0.9839422662347409
1.9361566621147579 -0.67349461718638526 -0.83242834528461918 -0.46910399148529802 -0.62877765959460641
-0.8820100699334823 -1.7366729079948122 -3.81896066031516 -4.4294453571223018 0.026453426694987254
-1.4547386613264053 -0.14004466874331056 1.4913293911690872 -1.0726015581314299 1.9868611936052387
-1.3148907497399283 -0.20898792180745437 -1.8359838839137419 -1.1746610816164069 -1.8765733208034019
0.48958614722908267 -0.30836629159410173 2.4949804996295435 0.22995591514442432 2.5224493244339117
-2.0857389301900051 -0.18961307430048616 3.7514908750989124 -0.86720634864516377 4.2495880529500862
0.49652199971571748 -0.83737187058165785 -2.9534194187892462 -0.12450669616145177 -3.367032972785474
-1.6538976848489673 0.57597869939023116 1.5701414146481243 0.5859569627451956 3.3239858351757294
-4.8576548989498622 -0.14115618748408801 3.8466859695236222 -0.39908586885635722 4.5307189327360682
-0.81042097815021763 0.30095627645111167 -0.048948875505774134 -0.45924675040124158 -0.13894355100307421
2.7543928182954187 -1.213884420061472 -1.2411298133407656 0.47914082371228889 -1.1192803607647983
-1.2030073270372805 -0.66831630306949508 1.5903598835115302 -0.26380470756699803 1.0073370184015835
0.84591668662719566 1.1611316158381655 -0.72198653238659505 0.46335924400434836 -1.963697023315685
-1.7913658047705765 1.1232440195288702 -1.7368284531188194 0.66441959814349283 -0.79588696169685946
-3.4463398853535483 0.13420711478632372 -1.3880361349831238 0.61520244320067374 0.78113391354752149
-4.7556180858882282 -1.8760949128642941 0.69674143257628762 0.97353122526247493 3.4320781876859598
1.2301296450679533 -0.71988745428414902 0.64339050705451251 0.01328540409653167 0.42322017034129966
-0.36886154440532204 0.50480765811069972 -0.038333996915534602 -2.5514839930952768 0.83429007661653054
-1.2971379528762066 -3.1788046227249911 1.6957291278706703 -0.79742938122919593 1.3519473272474933
0.47441742198445863 1.142683864273748 -0.46209187874680002 -1.6992916363202049 0.21010115290316458
1.8689721216914201 3.3719516607989619 -0.89509250272255414 -1.0693530675877589 -1.0210261543514689
1.6785394208877453 3.7608352591266443 -2.1338351500971067 -2.4680796901897524 -0.6921465294862672
-1.7918332161395916 -0.24117300755837151 0.7484205696607954 -0.14772699209446249 2.2776865816694163
-1.6410885167136045 -0.68274132881622429 0.052795584616308039 0.28598322526435876 1.3037477355785616
3.1329138886310681 -1.3539328928438441 0.28168340703953082 2.6929699727198337 -0.072494894899314211
-2.2694307495566188 4.1612437273721232 -0.080888628002303939 -5.1735972581290417 -2.1719835707993123
2.6884319292174927 0.85878852376515125 -0.70905722398830551 -0.058817368596526462 -2.6144126901759104
-1.8929567794993389 1.6486018197812626 0.088425252463442294 2.0568555055292586 -2.2071888426623305
2.6074077913947415 -2.7610418924109399 0.40619742155031385 -2.7408556905309416 3.4995491466631825
3.3050063393889659 -1.9868363854961146 -0.85667831505595182 -1.6940389103715048 1.6885553643373241
-3.0037349316134137 2.9648296855615954 -1.2088388506183951 2.5292694294139788 -3.3008270013837282
1.94469420637455 -1.2554086435813991 -0.10895246606743975 1.0089063854097418 0.37391874487303689
-4.8684513332479327 -1.1984509651758899 -2.8156621503327486 -0.1181141794223603 -0.74213271549546833
-3.7611024074778343 -0.53787560848189309 -2.2098434876485791 -2.2914132510469414 0.91560872559723783
-2.225327168862103 -0.8693916763511601 -0.96537135450228839 1.4386595182734978 -1.1287386267665147
-2.5107521972246132 0.83066278984836805 -0.71290142099766884 -4.0443402543342426 2.701762644943202
-10.172451582795796 -1.1483283501346604 -5.7601984847709264 -4.454443761850202 1.6360811841932128
-1.3522339350748158 -0.78339673176373115 1.5065625638139102 0.53917138934569897 0.21384682091240265
3.2969591875292004 1.4450153035933537 -3.2869335976771028 -0.85456242996651977 -0.55667716033200865
-6.905885054800482 -2.1114766568208023 4.6343262030353927 -0.61213728164600512 1.929630971954015
1.0553426639699965 1.0533442602959735 -0.43757333498843798 -0.26621359298045266 2.2215017913637718
-2.07064113206587 -1.8780210108712745 2.2590439430374332 1.7309635205672518 -2.0771796544437362
3.1188921609603755 -0.40051395990403499 0.30213818117753249 -2.1237681013705125 -2.3617338311877285
-2.4624577057564974 0.60798040918154839 1.9007196340521639 1.5667789935509522 2.5656636217727216
0.067089202678682597 0.32957737800436832 0.86035904651713258 0.24965353956281164 0.26231542987802975
1.8757435405191865 -0.5314125243236425 -2.9376105056688981 -0.67378603569172724 -3.4084298274470055
0.55492446561353126 -0.017701602359262943 -3.7349558313252493 0.23337324516478553 -2.5314765776299
-0.62681173814098201 0.84436772839555496 0.087631600117692693 -0.73212287158390155 -1.6657865064064961
-2.9557067241724719 -0.32786321900006732 0.15314957088765238 -0.097261073816300711 -1.1985497694246805
3.9314631717392419 -2.7233650049139033 -0.90906535788345866 1.2226477793922639 2.5469432480607535
0.78076117676391144 -1.9997143569593641 -0.24931006973849235 1.1807023202198335 3.0806430393626383
0.2205180580840912 0.56147433584394091 -0.1670427465387255 -0.14427763707577834 0.17709419998312215
0.94339492901824229 1.9984665309647736 -0.40990381577780399 0.62873554871872783 -0.5631953338933211
4.0940137323562569 3.1253082336731315 1.2876543256723882 2.7909528137213351 -0.7756842485270582
-0.068800892999837951 7.8092483207130554 -1.5381664272281435 2.4611883134967427 -5.1722361203276064
-2.0424861221637993 1.7883618652870295 -1.1915575225159629 -0.27157717771121753 -1.8093860440280751
-1.4978358150701043 -4.4124290590299449 -0.59474084137276695 -1.9099039878051174 2.5289429401545966
-0.57513783985602418 -3.3737900654204402 -0.61566204670427072 1.357865070829996 -1.5315114465401225
3.6190921842220605 2.9623918622406125 0.069014414092010049 -2.4960205959671287 0.55728924389103363
-0.6190267841128424 0.92997974998981292 -1.4247409210368052 0.42151035770518269 0.60007258794527651
0.76846475238745959 2.7055681557151767 1.2687479403455986 -1.4941660007002378 0.97351112320956468
0.55421418148382018 2.4210520895235206 0.34036171291037526 -0.61168697247573867 1.4309760655508996
-1.6516013365622388 -3.2065399550603497 -4.4314212627550296 0.60258181617714479 0.31156548144313267
-3.0084838606019559 -1.9722812327346397 -2.2844410034060156 -1.9763074798928577 0.54549798090018553
-0.91901863741312229 -1.2170561985831316 -1.9898266847008066 -0.49037667700502419 0.20991580909177801
-0.7771388018739136 -1.1279590836255868 -1.3802136923762034 -0.028815517637015738 0.017167164504390126
-0.10221459003701781 1.7439417548467102 0.96014193645545975 0.67779489445656904 0.29747254100636039
-1.4965564059091723 1.7757302895949969 2.0545295504215595 1.1352108569921389 -1.486240756665661
0.65784836696636173 -0.93743382501354422 -0.078058510386160559 0.6287452929448355 -0.005233571267231658
1.4601796462111989 -1.441694196072929 -3.024449823570206 -2.8783425104463127 3.0700331992231971
1.1441065524618637 -2.1136665675312334 0.81076254318049612 7.337077522323697 -3.0785761178959961
1.8757410953336218 -2.0497263086089852 -1.9577151497113177 -2.4728059964564175 1.5515974142457836
-0.26633485170338328 2.4573625969160231 0.33196257385809225 -1.2388121742440668 -0.82798855675693239
-1.1483469140146829 -6.3045603824189973 2.0739757298572972 4.5649716359256498 0.99141955625956757
0.046296191611548028 7.3694764397710095 -0.45381713946428365 -4.1620783288525258 -1.5280005417038034
0.10671057746937497 -4.3474495454863975 -0.35169772170149416 0.98187991309410383 1.6926986862071189
0.42286260565026551 4.7879965637042865 -0.92131001288497538 -3.6243477314528398 -0.022381488052130381
0.65243831325047019 1.9971222951046521 -4.1113982873154606 -0.41778149668617798 -2.4451938018749888
1.5785714143300729 7.6723723288634318 -7.725123869448268 -4.8640062872039067 -5.2215517790188022
0.11011520335092692 -2.930746426111368 2.9006482092175174 1.2351346649562243 1.9400882925544718
-0.36163362943068339 -3.5792059280533128 4.5750380035634839 1.6945623840414985 2.9631403415116768
-0.85232602136140445 -2.8806898305210979 -0.44363459429501095 4.69442157468555 0.080357908276255885
-4.3006219555295235 -2.3790643070056237 1.2002306895628871 5.3733896569031181 0.24418579411616534
1.7589900498369886 0.806857832054515 -3.5049074561931359 -6.0050134822963752 1.3832605403318976
2.1261878223912962 1.446867380366504 1.8552835629251201 0.99914638770760833 -1.0016942178226067
0.32094103084170911 0.41595263261311211 0.47188466063710022 0.579253235720388 -0.61997626231398495
2.3113818499583103 1.7567290178579564 0.78791831904939358 -0.79980243761641756 -0.83645374301923336
2.6044215208789061 0.47010901599754801 -0.6619084379265634 1.2734991828616773 4.1465651584351804
0.013555615362612905 -0.055046538759864476 -0.89455474136382362 0.71249306241480959 0.42250415490385235
-2.4585287222762533 2.5385295785314761 0.21547626659339847 -3.8326953362907181 -4.7873924241611956
0.55207564784213481 -0.36617930062203963 1.461784424336823 -0.45544667933768107 0.17883947877480849
-0.80358092315885765 1.6804392557852514 0.21094369485998277 -1.385004268985409 -1.8408514522951624
-5.0518548395926768 6.9225022620572583 6.4072949011145175 4.1486609387097069 -5.7437210907597702
6.0035812228322394 -8.7172901789445252 -6.443467353847959 -4.1687849402630102 6.272398118718991
0.50212183111252717 -0.81103999642834768 -0.75298095181478553 -0.68920089808708462 1.9838705511702961
-2.4894936822023839 2.3997091239549961 2.6392115663236759 1.0786476377635472 -1.4772846563208271
2.1135127696700726 -1.2451904076219578 -2.8404535497753591 -1.1473006515715993 1.0907074712374536
-0.88119788785888531 3.2017688909967701 0.74207595044510855 2.4869671285275388 4.0162285096495687
3.3243941677080802 0.10412833049575447 -1.2297820380322033 1.9692319600493675 -1.4521513151153691
-1.8469692289552326 -0.16689897220223945 0.3069811946418462 -0.17572054913836455 0.5767962038158474
1.3103477326088917 -2.2308573816053898 -0.69204766973033183 -0.53855354886145579 -2.1727072222886368
-1.4050407883655593 1.0558714839476544 0.76578240945517873 0.39561154441774882 2.0774611782917263
2.9668746862105362 -3.0421673593987171 2.1100679971612744 -3.4034104203276678 1.517682117341199
-1.3524269228210606 0.51198655819425698 -0.65390603863230867 1.5590556167028746 -0.12950194704887191
-2.6079265754756444 1.1509561109548063 -2.005495213467428 3.156530057437573 0.10197567417466818
-0.256461485620535 -0.4635890351954623 0.4519982815997583 2.2221048070204725 -0.057674084564090088
-2.0797104299403211 1.1337015665197068 -1.5305275688260436 3.8077873856504767 -0.52706832370061196
-0.61712804282400069 -0.53436902600826353 0.63025235852800232 0.27015562972371282 0.16378895407233257
-0.74695004583574121 0.50372318030337637 -0.23070973525512484 -0.62592100467565237 0.22728385948463511
-0.34064173528035058 1.2586729729900366 0.38371258221186666 -3.3356845378040783 -0.34561022239764216
-2.6627651893274029 2.2486985335642253 0.85320545402157721 -3.5003739448938322 0.35615820214627075
-0.54671609250962128 -2.7253120947139364 0.54914665786662686 3.4733919446051469 1.00756995323382
0.52982954403619376 1.7101618680507871 1.0442297289059588 -1.3195900126847286 -0.72921347916499257
-0.066968462959065195 5.8623232304339847 -1.1804219979017314 -3.6540501978032691 3.186880471249824
-0.6798494276899788 -0.97905909754053211 0.72003928144948104 0.18053096369280258 -0.83712180256469815
0.64911910485676583 -0.62128603156578244 -0.07261291935426252 0.80656755006904468 0.1975483270732819
-0.24340606593131373 2.9516055161359045 0.22459040519015303 -2.0295754100898562 0.39240671880379557
-1.2606203094315684 0.44653523903300962 1.7734806427291967 -4.2087890342279222 4.2813622696284366
0.010620176210442941 -1.3988119196978932 2.713177521198586 -3.0668421064599438 1.8656162659303819
0.12444846719737609 -0.92615414141643737 -1.7342860876504407 3.2679295795477916 -2.7911946727910806
1.0136785621417486 -0.12858875475098119 -0.40053093348195395 1.5645732713239733 -1.2613489940589868
-0.61532009970068702 0.21589870954661239 -1.0620487223262345 0.45577374986404201 0.63939503396638031
0.846687810988482 2.2217276504950765 -0.20187818674510669 0.53809494583242212 5.7563217845918402
0.008451945006555231 1.5760114878374345 -0.60033787378877301 0.29116104615721128 1.0714444082013026
0.26126900066317899 -0.095436092412219273 -0.40062318978800504 -0.15192399011455851 -1.4890769623222444
-1.3521312084037713 -2.1062108485403206 0.75613855902005433 -0.62201989730991936 -4.3539447186682638
-0.32949833626871528 1.6569947608355384 -0.43734169515209337 0.0070748413057055972 -3.085784238345465
0.090726183857115061 2.5645107506063085 -1.7443337963696095 0.3548858190277534 -3.8193032391774859
0.51165660785038736 0.52246894427876278 -0.84642580725196115 -0.16699949854986068 -4.4498695756266979
-0.53289876158780591 3.9587425060537407 -2.7800670814410235 1.7133741688130497 -4.6441723183635908
0.29039717770745815 -0.24234091487134557 0.2161996786322947 0.73295669701745303 0.79743710483950958
0.006335076555607712 1.1182725077534135 -0.81368363189205606 0.14900197451297412 -1.1254684139301514
-0.50858645183458839 0.53710872777666951 1.3347251519249459 -0.48675805298968128 -0.68839192548235617
0.96691825771542894 -0.31780863117351715 8.2168371441884656 0.22842443756934575 -6.6333299058867681
-1.787631216518325 0.1551427199434969 -6.8285715708273118 -0.2747253397371397 5.308042737686641
0.58527055430075103 -0.79667144101072795 3.641024317672652 0.80847548090322174 -3.8373285140294686
-1.4189324584641314 1.0231260758719729 -3.7703273621546383 -1.4475601786013987 3.7901378526384346
-2.1028609941374325 -0.27586880199295949 2.0674054643729529 1.0283583725779009 -0.4793619268690239
-5.3091782046011673 -0.62946789023518013 -1.0361581167124205 -0.20057344917054332 -2.5120629866851076
-1.0468776512647342 -0.41567991176072294 -2.5616629222168488 -0.7855686893968381 -0.18588635612302726
-2.825680704969133 -0.20284736101442913 -0.99219424884182905 -0.2066143425417645 -1.3352480200822698
-3.3018153108906017 -0.40736153749687337 0.36649510857187123 0.90149942794612092 -1.3549493567576119
-0.65507862698827524 -0.50833423122025789 -1.6829112122756864 2.590746500964892 -0.40174827305067073
0.5139189632387331 -4.2685623096474901 -1.9592944952160241 8.7537738714872155 1.0096620244721903
-0.19366609295043166 1.4284273484589196 -0.33606993922638984 -2.8652290847026967 0.20579364797903479
0.59286019637972243 -2.490087901443641 -0.58994430297667422 4.0057360718946171 0.5856966447709181
0.12004848847457074 1.5122942562384809 2.3271143602292166 -4.6527052973868157 -0.45534935563997936
1.0934359490753285 -0.11317609419879364 -0.71215199199463641 0.17598344598475305 -0.28698426481306494
-2.7820607942641007 -0.1677800425065305 1.0568078301273949 1.9128305112325488 -0.2162728193142103
1.2746428071763944 -0.31787104797443555 -0.36482627103159349 -1.1582999358481474 0.36791253187357248
0.010543671916543139 0.20982477622077195 -3.3639343618230595 1.861942703600312 -0.72252508820482908
-3.3830410741227959 0.083769844473516111 -4.0688506467528827 5.8773857901986393 -1.3667241106811872
-1.3219777943526267 1.9604697548815826 0.037421528682087861 1.1438198612329162 1.0446444181420389
2.4471790391820067 -1.6702816790440898 -0.33424675401146275 -0.66704808514318192 -1.5276032016759162
-2.6022834729950075 5.2361994411395356 0.53128531442677462 2.3298506837105295 1.6322592206134112
-0.21269685944472733 -1.7720799148051556 1.5190226995922771 -2.0259472397950393 -0.53890378342835943
-0.29771027271286543 1.8443748490895042 0.95229944956007428 0.12428284575635834 0.26813308362926297
-1.5434801221001824 -0.97237005660268128 -0.65179071038721381 1.1832335019862399 -1.0294256612629233
-0.8106945592441801 0.52865357656718692 -0.77371949779344873 0.72548378203565911 -0.56528652663784063
4.1035122081461086 3.8362246814345147 6.4487522912705861 -4.1024441887541396 5.6220555826384171
3.3871661485821978 2.6519623639606174 4.6028537878504761 -3.1854332181987202 3.9097543335505049
1.7900067328935139 1.4706887242561151 -1.5982314774011017 -0.61379951572182057 0.9558406239376066
1.3465479381931476 1.195114964722211 -0.17453759418777548 0.022781234292409979 -0.12846052315513184
0.28810173040554493 -1.1318820421674496 -0.26217490452439574 -0.60242214166459795 -0.5782309143307931
3.6738604529300067 2.8985913192027453 -0.16523363031003954 -1.5475683648494158 -0.32503722189031331
-1.2904860006926047 -4.0978155484650607 -0.44973380324403495 0.6169733963047439 -0.30655115486961515
0.70703176769518739 3.5237062693638643 -0.23361547118011339 -0.39563714128792932 -0.52090818973020303
-2.6985254405598162 0.8952616519572475 -1.6039374021423973 -3.6430101764032305 0.52477144760865646
-2.3045716080681879 -0.43758719111004507 -2.389466460971684 -5.6748129974952555 -0.058459302928711397
3.5945439893688924 -0.69398122394541983 2.4584685233255787 7.2014679562365318 -0.55435216848204494
-0.81256137070171996 0.41136551507735691 0.46736408833425419 -1.3673341524174276 -0.22020942053774192
-5.3060378587357544 0.66473627409784797 -3.1657577879807639 -9.7267409472154327 0.35189787838542869
2.1552802655656831 2.107871055655695 -0.77237557520756051 -0.074573911490133121 -1.7561925001297636
0.66335373664936237 -0.33033106051527883 0.12266074631445213 -0.13810670089187629 0.62887410551554779
4.6216253902736542 -0.027358806789256059 -1.3092527510471843 -1.6615446555499083 1.1642068820740106
-1.5555480229144893 -0.18539475988604154 0.48953766507056562 0.68542979887579525 0.10539176205462611
-3.9532917709466546 -0.74782439400912715 0.54440221476889195 2.2120822143287766 -0.066894818499683359
-0.079349441317235786 -0.46292530951035915 -0.71580193469002762 -1.0032096525390617 0.024844268607759446
-0.6507832370575557 8.9375778439283486 7.6329206447195732 7.5427013876407232 0.47728847745716502
-0.014630851886666725 2.0156290360368314 1.7471770183408877 2.7026753603222788 0.23704668276124694
0.70436397683217611 3.702972122026988 2.8400192801107469 5.7879194250978294 0.67325129228707237
-0.078749706781454945 0.47106977743247902 0.5653310535820254 -0.25455036921503887 -0.68826400437460422
0.74753470069564054 -1.7922980786848766 -2.3195765828800425 0.51228683993955793 4.7052093952705309
-0.19106619273902894 -2.7170047781813884 0.98392428837766011 1.1336675308661495 -1.7176132041429386
-0.23539659185892103 1.2163370821064101 0.2862119520974048 -0.60950570033846085 -1.0511434414294307
-1.4461995971784229 2.1149864796872713 2.7101913116463137 0.33051922381835153 -6.8562026571993311
-0.12105882415243599 1.7893284508462697 0.99772655561583079 -1.079709243211993 -2.2195448460822385
1.4275358974745642 -0.28988513348843509 -0.68335620701379451 -0.68342428791024323 0.27685909613922283
-0.62260660819736091 -5.4593940079587799 -2.0935959262032311 -1.8403598741685636 2.6638800459461405
-0.13103377059496998 -2.3778210868792766 -1.8534498074910386 -1.701597042337345 1.6615523025730545
0.5361763033856376 2.2590819302721736 1.3294182970000814 1.9457892991461141 -0.90198521994396441
1.0772230033470311 -2.669355346147277 -2.3132476685845718 -2.1550513581140369 2.038099931359898
-0.53168710633130534 3.3851480995896881 -2.6924109651724288 -1.0511021651271681 -2.5459274164461418
-0.091574861305353528 1.124321441327822 0.9389309330979112 -1.005443479203519 0.93204203876882119
4.1641783547222087 0.02525241160075764 3.2800698008243261 -0.040533688297319584 2.3505183333120012
0.98817129549368432 -2.8424086099235417 3.2690976503936984 1.1569439646207407 2.2098153870865374
-2.6825135890258229 -0.74120279163037361 -2.5809355537034784 0.52424085943912568 -1.7532539650963621
0.66054359359312553 1.4733442135834731 3.9356059671745163 2.6520567410054632 2.3005091286943942
-3.9732665058986156 -2.203128770380494 8.0125871399865964 1.016557110484049 5.1428031501490485
0.86052727527275386 -0.080402487716301568 -5.8943452920238331 -2.5071564195609346 -3.8171977656159202
0.76116997286988486 0.86312951063835974 -0.21496038603446449 1.3343288776825821 0.64537385245855161
-1.6341550412361865 -1.1147169711130196 1.7342097097776754 -0.52079374312872484 0.83359272145056573
-1.3215148606681777 -0.26495727470125263 -0.41272731245309324 -0.73853235033281073 -0.25154253342930077
0.78030102756157416 0.25603063004991017 0.49323563687501176 -0.4261904595904723 -0.82304930708256141
-1.8288638966530906 -1.4119653732752324 3.0275793689444521 -4.1483025499879087 -2.7071368761261874
-2.7070783339646214 -0.46370494099967957 -0.44041252050029256 -3.9697974180070603 -1.7832630197407724
0.29150643696334833 0.4726689968594518 0.018957938175791184 -0.66897938981541427 -0.81678299459934034
-0.078550159870899264 -1.5091111549738807 -2.6758011719683377 -5.041151041943106 -0.71722735612906297
0.35128001729406755 2.1060748496866815 4.829232186973857 6.4705975615492282 1.3727286158518266
-0.24323631146547725 -0.45382247052663277 -1.5209053074627106 -4.6184614019930166 -0.49017838268942826
0.11563876658552236 -0.95174838218644275 -2.6159916028497014 -3.3952949059941755 -0.73727094553748818
0.51854664366762171 -0.26146116145712983 -2.8397450256309926 -1.8935543630018854 -0.39062724958609152
0.99946485729479095 -1.9947115077285873 4.6206890377098127 1.5036200142415923 2.5453026541082595
-0.067740932411552449 0.5728234706907378 -1.8406121618421227 -0.34256591153843335 -1.1583112369879045
-1.3110564832520899 4.4845457578582231 -6.5331880699362026 -1.5256133777421115 -3.5555020857857573
-0.67329424654171777 0.49469206950436406 -0.0483814280647024 -0.016216543059984337 -0.054735069446404064
-2.5203799640740296 2.8906052793643227 -4.2544871993181337 -0.2608043093324664 -2.395553991818387
2.6393351929201851 -1.911875314883533 -1.6467927398189652 -0.77030091789640331 1.9529898934559169
4.0372528611975707 -2.6579648042651058 -0.45543807018409438 -1.4221198272078726 3.0677576582236696
-0.50302460334451915 -1.1611399999941141 0.39756242405731762 0.49242574630683067 0.02330370464705718
-3.8555417860450589 0.90989429087751927 1.2401526776351079 1.9447804551714132 -2.0152198122454008
0.393059905350713 0.57997492370243586 -0.83015301730040203 -0.60922073520913567 -0.08952983906172815
0.016953117258066065 0.041104461372924235 -1.6943200343413054 -3.3579341740110649 -3.0051025860899641
1.0009491414857954 0.38375203083199605 0.20980131844781957 -0.61948594659409639 0.041183271937993114
1.7237492034128106 1.5867264592704062 0.71249025996126591 2.2596314408895526 2.3130361120251122
0.37580566979663699 0.51480216916029031 0.96540401133919207 4.7782899934273297 3.4765992889154034
-0.24351953882337121 -0.26257611800412578 -1.7737444110168856 -1.392370300261248 -2.3407915793235414
0.08502371057146163 -0.55264008092919947 -0.45863928939165077 -4.1615166997203161 -2.4812950605322657
-0.85940712653133711 0.6682622151790979 -0.18968572921334148 5.0711974019288046 2.1243067964742477
-0.25330829032344121 -0.4781964501698554 0.52377502839087042 0.71351845248932322 2.2082279828675277
-0.59517890391243822 1.5300539468832715 -0.59625655886957996 0.42205072679010269 -1.0735521259615928
0.50914005137109997 -1.2118449843093055 0.2754202245627575 -3.6508077379758466 -1.0754461724636368
4.7466406349111825 2.7196353503652611 7.1331449545108283 -0.36222569986914877 1.9493426511213536
-0.87767193244245501 0.8750029219637544 1.8251006459742998 0.55689069952432702 -0.58318946433398133
-0.13231904223556187 0.65520767976840588 1.9412451165879732 0.21004146138046398 -0.71068632685133581
-1.4286598804601964 1.1576512399193597 2.175674556379191 0.44572460437524652 -0.46774308387490049
0.15044736267614298 -0.85904490358779062 -1.5757033478928786 0.0026803822944334596 0.41212273990782988
1.8384907822081797 -2.2187419917362843 -1.2398525533286482 1.024363995455708 -0.72822076926977386
-2.3085803461283989 1.3423048379999789 -0.9697962258705296 -0.37065432162488243 -0.64593797395885155
0.55466152980694272 -1.0182255309419168 -1.3340172481012746 0.59674032640311581 -0.36150864267918231
2.0909067433072623 -1.8166160835900613 -2.5610431363383772 1.6783876816029848 0.58976119993436971
-3.90109876857619 2.0953106435470978 0.94114210947050936 -1.0477794011506887 -1.1264251804728587
1.1154701261925679 -0.34953306874573337 0.84057797949628932 -0.88740538937543112 0.32066199880200963
-1.3393762183202529 1.7534166845270913 -1.7779303832184414 1.3194677615684296 0.52605643883311692
-0.039854970863700656 -1.3229271126406841 -0.63512272251960411 -1.3695841526584156 0.43918485372478483
-0.97592932031146351 0.30184300632588179 -3.4362599084220609 -0.84206373691979453 1.8334693223010539
0.26071381731067411 -2.3840148070817988 -5.8033646346246277 -4.4969612709353237 4.5350437154448011
0.21065405286706224 0.46076474930961558 -2.6484291527981774 1.9078316144612948 -2.5216949235953834
-0.31871813361652113 0.97396901159853999 -0.41012163276410868 1.8699935645304218 -1.0818589196764365
-0.64723294107189633 1.9410345650060188 -0.41988475366390665 1.5019125872495653 -0.41122024085540565
-0.39390189774069717 3.0464526612372311 -3.2943441301258485 3.3626720838394388 -2.566902946251052
0.067367883395824973 1.7340054742096682 -0.86923187088573306 1.4031839234657091 0.62772825897092821
-4.4385048355984598 -2.0564246814437923 1.5417815053173147 -1.1371368831684276 0.39255372289236412
4.7525956431614498 -2.752111570919304 -0.63638847058171699 0.18896827087906895 0.8871243646033925
-1.7431370155425971 1.3724658695652601 -0.30043803503087824 0.5812102973008314 -0.379990418772642
1.1635003030768609 0.59661165453107212 -0.6806326677923169 0.61116277486355952 0.23051804667326065
-1.6098960521168431 -0.10411021605566535 0.29236014976063918 0.26109903570644771 -0.72691207324498075
1.129071580278276 -1.0297016304470676 -1.3004391172735636 -0.11160480859216397 0.47360652835051037
-1.7694856173952525 -2.499770961447993 -2.2833519067888637 -1.0807860912581209 -1.7606137008582281
0.014108087544949039 -4.6822778283568081 -4.215645994732367 -0.16801196539153607 -2.6255491843326313
-1.3244280145511909 -2.1708784582995562 -0.91748706909907496 -0.8711298511488661 -1.9112918918565587
1.8118959475004373 0.59180664270356953 -0.39559184320940455 0.44405144012767434 1.5122403700451323
0.55782757752804546 -1.7656427626907345 2.1247593683618002 -0.41979337193170191 0.46267033404971647
1.7425926898539068 -4.929461149220054 3.8389200655639844 -2.1559465744269151 3.0670261968401267
-0.6117388726189632 -0.88128162237057295 0.24731238523536667 -2.0918367076148936 -1.5716283894027077
-0.4195390785570165 1.7877531302124872 -0.91073212399895032 0.51491528244465856 -0.57800618326801623
0.72965645751850927 -4.4029139515710689 2.658422708858811 -4.1819258252343037 0.91675820236100325
-4.2899112853067249 -2.0068540620935313 0.81707518769841914 2.4238527870927582 -0.78914670213960147
3.2292234294874524 -0.44279527515157702 -0.95766508200045231 -0.16901435187504812 -0.19492356464016711
3.2139724847674653 3.1784606009185556 0.1777386698217473 -1.9574717705347406 0.3621324411072317
2.6328332180784093 0.33521626777547953 -1.3174554063971495 -1.7408478611843223 0.72841325175727212
0.58961198407311499 1.5505965749685553 0.31425135626913647 0.24726347426168055 -0.3875958214313775
-0.4881935954814034 0.3895243628666018 0.54003322404242671 -0.98808000827372622 -2.5149391118409836
-3.1229272465248221 -1.5792680746856529 1.0770747996660546 0.50967467231981234 9.8322925584924423
-1.8247080636419364 -0.47488047246377574 0.64490398430131823 0.50993674335632422 5.8725359600207661
0.1875422214552043 -0.17635156700936749 0.91873726718079318 -0.54024976753216247 0.40926610592773072
-0.15495569373116241 -0.26526371468116988 0.43524730937491118 -0.46342806332504982 -0.66508039688881315
-0.87574463000528691 0.72832378104546902 -2.7467858751875815 -1.4441968329382364 -0.093912820730755464
-0.38750688294440633 -0.15836142818039653 -0.56140759427067022 0.96105331162868846 -0.96511465613328096
-3.0338055126894115 0.69969788322653381 -6.3008633020169986 -3.0776404053002966 -1.4209636533895387
2.2706642584144046 -1.240314192064309 4.6402949490281262 3.9223413378949612 -0.092638703968137268
1.899233524420245 -2.0506405977897546 4.8463584352188649 3.9808578401764789 -0.15625535816214942
0.48147277814351264 -2.070131995279004 2.1301476058993609 1.6884774905666198 -0.81707697784855771
-3.7416501150242447 2.79931302870567 -2.1396825983753116 -14.08046188099417 2.3528197719502764
-0.21100089426557808 -0.2905646801098925 -0.15655600166139344 0.522076317449918 0.30377661121785715
-2.5850710371241354 2.797659232070143 -3.0854814729561504 -9.0371298322624298 2.0812445361893195
1.518322050557684 -1.4756495399224971 1.4797292162568803 5.5098936559431575 -1.3908047689463099
-5.9649713084733662 -1.0798120756184981 1.998438784791924 1.0664172161355543 3.0411668063278605
-1.9960462717347953 0.27847354640348071 -1.5920278770315406 -1.9275375629895117 -1.1277644126700102
-0.66825541503065378 -0.34871461648568675 0.9987983095772176 0.88040316428100895 0.29852613326680588
1.0207172751772167 0.20640562618105698 -0.61313090851318142 -0.023132761478407281 -1.6521838459154519
0.46415241244502115 -0.45921963070221317 1.0518738287365439 1.0142070348466599 0.4977114280029894
3.490455056399639 -1.3975406217620161 -2.6046218818615232 -0.94105499336908194 -0.014358267600984964
1.6448655079705383 -0.34373286254704677 -1.0689893240568442 -1.0980949925309156 1.198030729803524
-0.64999048833494821 -0.84685036824382443 -1.0372309674757976 3.5808203401868375 -3.0612570599773181
1.6817936960984763 -1.1673525202216153 -2.311438414464051 2.4434741227826704 -2.2565449728169171
1.5017864765126356 0.85347911943806576 1.131611445202495 -4.7695146262576076 4.14562000926166
-0.28748054594897349 -0.097055053523151205 -3.4696404205149243 3.0332286647351334 -0.63855410329065565
-0.90278299941265572 -2.6293018030319382 -3.3598879762048681 0.98774861697279337 -0.30843649501206249
-0.1321933439784275 -1.1551529619473417 3.3338333187631011 -2.8632548696340021 1.4858464013037649
-0.12027527404983392 -0.66082204928005506 -3.5302513580073382 1.4931436099474584 -1.8104682730971269
0.40190168580073676 0.45070981867237403 2.4381149912140345 -1.0736366566713458 1.1459762632465285
0.6605152593966982 -0.1265392180230496 -0.21147851657082431 0.8289407819539788 -0.36579557359286136
0.73994087384354623 -1.1144429334142838 4.8873714627580371 1.316984343105768 0.59011900348163482
-2.5864463216543885 -1.1995511428715411 3.7171910678970441 -2.0666694502761835 1.0363904435341915
-2.5592605882278625 -1.3083649301208398 5.9423843815150619 -1.8401476632755915 0.61639011591817261
-3.0621875753399319 -1.326876531054171 4.5262700484757792 -2.569304360496631 0.59453188195818485
-1.0175065650974802 0.93797769294194522 -1.4980057986644333 -1.0714799617189381 -3.1921073990529409
0.037847632556082762 0.62214282763915951 1.9205966545905639 0.89917384450143223 4.6647523596628488
-0.53323033047660395 0.51754459440667677 0.59638810368739292 -1.823099441881795 -2.7656436277232728
-0.70573149030717253 1.2983539982654082 0.78530032743659528 0.43070795860440592 1.9670629324406173
0.26490761023085541 -0.62514603150351578 -1.160842117211881 1.1992702907675148 1.352545922859262
0.393311485895946 1.6259639401331549 -1.5867157849870617 -2.1658326539240189 1.2437767025249513
4.7891672160394201 8.1167469042088793 -2.8617201640597489 -1.0383572126324285 -1.3829427306773385
-0.84945313569071401 -2.0507686027017118 0.96885974919163897 1.4473858010269496 -0.78215138632715209
1.440270277535882 0.090409103670134064 -0.22599781515396036 -0.69993535030604903 1.3387406272005753
-0.2695737878452738 0.32745560922547695 -1.1840067478264669 -1.907184537623229 1.2591821741654405
-2.7756904261304949 -0.69722915976239219 0.89404099255573122 -4.816198408124321 1.9948099653349221
3.6786558254293307 2.3989390880256041 -2.8427240744397801 6.2504819013789561 -3.0058426072592268
-4.1664378745826935 -0.54594476256206637 1.9622669240976109 -7.0426499546904857 3.2845677183302535
1.4551412475356558 -0.065158153116830042 -0.44690295642302419 1.2759241884087351 -1.0315045822918905
0.87100319089175859 0.16801687423382111 -0.11378336134922185 0.3274645548418425 -0.67693196139194933
1.9949793932976523 -2.2539253416335647 -3.6833535012658385 -2.5178783336163773 -0.63394614194631227
-3.6041194431852652 1.0018909486550129 2.7229457465895242 0.82751960698014293 -0.95016239605224673
1.0214298113383617 -0.22383865729802058 -0.74801167845448291 -1.3917695977772362 0.12731895521602887
-1.924823810493554 1.4072757688741948 1.9418649007914048 2.0989323780435036 0.72659669621722034
-2.2578785305465812 -2.2789175218940532 -1.666725366932341 -3.0158498045070723 -2.6716971691309888
2.6488594128531759 0.86847097475330515 -1.3122736865201328 1.6581429619229295 -0.52891945554813391
0.7662718482713744 0.98689691157961945 -0.16880128024894583 0.2248423469093985 -0.39875383678081905
3.6514476098365867 5.5295514598461297 0.019427931125664877 0.55503798587020392 0.77101479297113451
-2.0368901479815009 -3.7222951952411374 0.088414482793575319 -0.30546429405974224 -1.8075456883060244
-3.0134478274959928 -3.8487830001651848 1.0711746533678983 -0.89017480486702216 -0.11061737575602777
-0.26065620372383469 1.0510523589827725 -1.5852771780533046 -1.1174682345158971 -0.96407602182358354
-0.74865338161479644 -1.3786656787373213 -1.3119216976269776 -0.99472132489565013 -0.93196521463887805
-0.22609559909236449 0.65800410913884577 -1.3177199701004247 -1.6175592111149897 -2.3839980096333195
0.56349587328575601 0.14868785318337455 0.83437337924333821 1.7773288948642045 2.1025074219089799
-1.648614318967154 -1.2861328151303741 -4.876643389617608 -4.9081851005763317 -5.5448244461819964
1.3031494025358961 -0.18116423101348786 -1.152009386840793 -0.080664912545061293 0.63283707213776164
1.8007984679909559 2.3916492932545692 -3.1189529170227601 -3.9680292564998072 3.8447150906356247
0.5056743533136111 1.5157828221426883 -1.8866033138332829 -3.0274517114866524 2.289548933448359
-2.4985466741054587 -2.1257366413886318 3.65264633412025 3.3636159298203459 -4.3190962947585545
1.6474530509972738 0.18132557177615979 -0.40209073623999014 1.1634896982745551 2.0782699579982737
-4.0549719723458715 -1.6884240258978271 5.1372599497413995 2.4849597042152207 -0.20568843847737509
-6.3641419266378501 -2.3148679301859332 8.0330004455549293 3.8193978610010562 1.0797781197872209
1.2014192491442603 1.2094992221496088 -1.3332981899041565 -0.69531237910771948 0.68998705689819251
-3.2459426971732164 -1.5529151250798512 4.7054177242794584 2.3291633688438407 2.7088016159851498
-1.2924921095166779 0.11862522360572299 1.1357863997979849 0.11452624219729091 -1.4933738343523508
0.86600094995486765 1.0767523683164395 0.012433734792643605 2.6164910080067529 -3.2703112795596327
-3.1679873909466449 -0.60662366804366119 -4.0732357176101637 -0.94286297247040363 4.0576397060220151
0.88138331793564328 0.2590745088850801 1.8078484433097231 -0.61555694380205916 1.7745754642890466
-1.8164426345238955 -0.49232544378138232 -3.2184716283307386 -0.12948303144977294 2.0384860069985442
0.52625541420562094 0.21515908198806005 -0.053819268612475296 1.3033129613263794 -2.7352037465143524
-0.69298141970495453 0.46131215824034477 0.10735901707579625 0.98123181277244753 0.43827563343905174
-2.1359375317190938 -3.6029034412909335 0.21193336420552264 -3.1110748449586265 -1.9480243839883709
0.15586030400370862 -1.5342363941480426 -0.0074858237909800028 -2.4205356183955438 -1.0551598944615781
-0.46043977492111959 -0.051339674663313697 0.34539898657298584 -0.18601243566485995 0.42949379667208126
-3.6093287717663989 -0.87682632219263756 -0.2276855632081552 -2.6810857606671692 0.79944478423682619
0.52529388818708511 0.26987599429040571 0.6893571863863367 -0.75807221585602813 0.78849536559733857
0.98019227333875092 1.0686804665662322 0.30739079457861979 -0.91181040234946042 1.3106494999305558
-0.32439184861835468 3.9542613303062391 -0.78589094902731504 -0.069314302249361442 1.2501332150470985
0.82654802283705153 4.5950119359619732 1.8160974056004469 -0.52404605292476225 3.3529291569517321
0.78228306141783355 1.1227803475775895 1.4091334519012308 -0.094714972394186331 1.3206194912068645
0.4343705837089718 -0.065055334278920726 0.080594951085165706 -0.22292641907512109 -0.52087350588679304
-0.19205289490169522 1.0671328057681178 -0.68084706861384059 0.21414030567777675 -0.50094156144719493
-0.80888268854885248 -0.099113430510518144 -0.95835154614982709 0.070860146436154986 -2.5531107050819366
2.4309515419311878 2.1490798026351192 1.918309800810488 -1.2040020251126002 3.7547276391479341
-1.9339850695928034 -3.5362158669213604 -1.4545302663672945 1.3654740072367206 -1.4011492336244413
0.12551315509381411 -0.038511344878994234 -0.55844201922746195 -0.25633345933546042 -0.33383244431695275
2.4629059428929532 0.77121773857960274 2.2746759660717846 4.6573765713482116 -2.5546090391166358
-1.4557047388892108 -0.15377055240634199 -2.4572805721212889 -3.5524305264151339 2.2974121907634952
-3.8602044252462835 -0.35687009740935632 -3.4265428926142576 -3.1182779805863543 4.3233747203282853
-1.5045196628961572 0.046830931306845763 -1.6530070232503205 -2.3701089990213373 2.2619758828331347
6.5089377754917148 -2.1251797648519779 -1.7476294789007294 0.61886181261216922 -0.8782560144460505
1.0208297799668939 0.079170548062346024 0.52616720253772686 0.28041072164251968 -0.42570689370904058
-4.1823180024030284 0.42802133268954995 2.1189022852061519 1.4522963320159423 1.4627042573430038
8.3445358977842634 -2.5923586451887233 -2.3109575139812923 0.53217620198500193 -1.681587345633484
-5.4320161265045428 1.2535169603697915 1.7311175449786473 -0.055633947267586276 0.93200904952207075
3.6833385357653357 -0.39381088605234016 -0.20368054829365609 -0.52888939123738055 -1.3095101332521581
0.085803168741711094 -0.11813729624463357 -0.12870704461370067 -0.34401177678282846 1.1101099457676109
2.2205069221887528 0.38414411953009975 0.91940593841819418 -0.18134606774122117 -6.9053672079956323
1.0524138372706346 -0.1390399089620524 0.0053489140555044376 0.044788267554254892 -1.5058060034850846
-2.1787894356254238 -0.18105855163037632 0.82970255744449306 0.18838535421974703 1.697388059567879
-1.3571356187823582 0.7902479368540466 0.23390828982479669 0.024482880617021644 -0.5635376677697771
1.6148945441464588 -3.6760808454080593 0.20212924991654763 -0.69550062634250187 0.37523681944754361
-3.2548418004083635 2.2770365354928161 -0.79316628967025626 2.1789291539904019 -0.54516696218738647
-1.3585358340519513 1.7143924543787818 -0.37979526116576401 0.87996701238488817 -0.020468505492404299
4.5061197729065459 -6.4542463895537692 0.33059444444918618 -0.50044031994978588 1.1881040771475553
1.5629454005597647 -0.99320020711177137 -2.9603767982697553 2.0371046342999231 -1.8557168167559062
-3.0133064346583289 3.7747618326656363 5.1859087164503084 -2.7459361675692011 2.3638273807447803
1.4202226466337187 -1.143777841980911 -0.25615009461875299 0.76657683173199054 -0.59517372384915157
1.2880204178863366 -1.4459602309435851 -0.73575910131634858 0.6579702322422617 -0.96959517143507079
-0.2303733194135365 0.19011595102877987 3.1643098391259774 -1.0063327704819984 1.8338454690558315
-1.7649103212760171 -1.2735376306470643 1.2255925290532352 0.59183556717633878 0.22706974200989841
0.4135019404613573 0.77867988326735516 -0.071341669872695537 -0.2229562173676212 -0.57693739822635526
-2.1279354421418479 -1.2626299332206212 2.3670959411124874 0.27350584913325204 1.381484640524302
2.8319607171606727 1.4281148639127306 -5.1478799180444135 -0.095527689642712452 -1.6377041424252217
-0.33382762579468822 -1.6133979921537078 -4.314398966948584 0.53320518326065636 0.61653577843845486
0.54139632609485866 2.3861428871958581 -1.0176816554203461 4.5201086459497946 2.2277474226028864
0.9621340697252706 -1.654746001904621 0.027910072593582306 -2.4341903241602347 -2.0312135114030991
-0.72552103578059257 0.76119128942847192 1.1904628731378 1.2160747313475933 3.2592422240777226
0.67040829908562283 -1.0157723830046936 -0.93755616853615797 -2.0634239288719232 -3.5268970974021592
0.038409322478423588 -1.248660697335042 1.4979836070346686 -2.4745510872758909 -0.10553070792770644
0.88719129724264045 -3.7264796726486407 -1.8773248022772691 -1.0681545266339925 2.9776213468063282
1.029320008717278 1.138676197377162 1.3908170925467649 0.19923702644295058 -1.9007238951025178
-0.98597504507350731 -1.2041651353519902 -0.71245813357113907 -0.21880117537831478 1.4924245121531607
0.62063279338153376 -2.0370066623968417 -1.0584997877500479 -0.54921704062590748 1.2031593576829114
1.5188017003929937 -3.1741178968870103 -0.61600258706984834 -1.4524595423099267 -0.67860323981842974
-1.3134526103469388 0.34158308047401376 -0.76748909475762972 0.33936343047452744 0.16359678405341779
-4.9546611135522785 1.2270285973772868 -0.7662513202802661 -2.0130130863681042 1.2015376613175763
-3.7715740039831083 1.1785324211745181 0.40878815154721532 -0.17390723675925365 0.36160735205102756
-0.99795964764295664 0.21623356761117329 -0.718138589466495 -0.62572340066278653 0.24598722722402871
1.0071748434785286 1.1600844494775566 1.7969165231907693 1.583180885385403 -1.6672653825392474
0.91872823499114054 0.60926658175699977 0.7011478377332776 -0.17662237813361567 -0.97616063156587685
-2.9428842864292073 -0.46279825947467379 0.34047398465673567 4.3266302156805505 -8.8535840051922889
-0.50484173902658347 0.0020499672229800461 0.62457314580835577 1.1958818349681659 -3.2710247338763976
-0.96240232553839178 0.47365380447449834 -0.10224998010449217 -0.88203373351479664 1.321057148433467
0.78197260732147944 -0.82717017933335246 -0.0028632372125585275 1.5799454772150083 -1.7139331588879851
