5 120
-1.2428788786888167 1.8699557440436954 3.4106275759236175 0.22159982438302522 -0.18024593427945637
2.169096905099546 -1.8635917984808714 -3.326004552788841 -0.7862131697527276 1.2456652530986663
1.2746814535853668 0.2429460498364241 1.2557965006389482 0.9011714617867711 -1.716235414883327
1.1954346705597358 -0.2983806525212481 2.137418030226 -0.6679630705399211 -1.8245717010521327
0.15681659640489953 -0.10399139414504192 0.23389912382389416 1.595699257247137 0.601144291580647
-0.3232491936135048 -0.6860317883221544 0.27895322504162917 0.7702219187272568 0.050242508756941306
0.2583584329813784 -0.40309687536406297 -1.1417172067486538 0.10731849595976393 0.4783484661369451
-2.7245249528637783 0.8055638699708142 3.142599012475317 -1.702646113545398 -0.8373616433839495
0.4334395135281022 -1.4804072880579258 -0.6711480732667996 -0.35031201530418765 -2.296076773292119
4.116127418856795 -2.641312517976425 -0.4630292484859464 0.6451010084457898 -0.836381340758755
-1.4551864360437556 1.3404365176968922 1.6926989092118168 0.9561590084461206 -0.12614720404967125
-0.6189439440346041 -0.5925851915217513 1.3456721620865952 -0.6016220828499741 0.9934907156874834
-2.6121419639403105 -1.9170528228880062 4.658305802730161 -0.34107079362471937 -1.2933874394696276
-1.436554380860128 -1.5615361329715092 -0.802753427359536 -0.5015249265054671 -1.6596213119160519
0.5117510860704468 0.7867123661528814 -0.5400045055989778 0.8135514468165388 1.5702899997436013
-0.302464058274969 1.6038160279078852 1.0030803315618286 0.26207427952497864 -1.6431013665272882
1.0773492876872817 -1.7522442419072115 0.9091145246421476 0.19497362600797596 3.424670501859534
0.24808018225825273 1.6074518401100593 -1.2610913194935764 0.5581651510816148 -3.8422675564263624
-0.061872814273894954 -1.836457107945208 -0.9583463284873491 -0.15516333624682396 0.26600504506549627
0.9915953064641021 -0.3294139942982844 2.2028029045698583 -2.2296564009117636 0.40722005094181773
-0.6415285549067117 0.46526621875652674 -1.3041579356708735 -1.5187244754285687 -0.6144986458288766
0.08800185028655245 -0.22559510300412391 -3.0545658860872407 0.2946389022894828 -0.6957857887651547
1.1329188770991918 0.4523403394314843 1.1791110535997822 -0.707837042345718 -0.19980018561580049
1.3195812209386326 -3.6011562467224896 -1.9901631703968035 2.531396729419662 0.36558460355679634
2.3052540794232166 -1.206051225869999 -2.078703259388373 1.5893254472725065 0.9075153450452749
0.36410409736114185 -0.10479625184489685 0.9155522016700942 -1.5189089601086463 1.8555994839255043
-1.2705268762454496 -0.8572735332130612 -0.508171086731476 -1.7628392167939835 2.3466998287379415
1.1651487106294738 0.9561060739619902 -0.1533384119459679 0.15513804447578272 -0.25178428513513884
-3.0441346537341505 0.3853610407029933 0.8613671458760375 -1.6866923698982463 2.9723677098274983
0.7996510737513123 -1.1733534372558774 -2.971249389612799 2.194199706363104 -0.4589607237902032
0.6486450635876461 1.0583144678516074 0.7736891900105859 1.9575951775218972 2.888101862050078
1.5188068247260942 0.05480944708088409 -0.9376767982106334 -1.4664679875346198 0.38609200033783597
-1.7776293162728023 -1.1361897628346058 -0.5977538227178114 0.7523886860162287 1.0949146216806076
1.6832827031752509 -0.9354703622040685 -0.18627853189759816 -2.1321893507805876 -1.5230062625857634
-0.1473437721729422 2.9568325254284327 1.5536021068525643 1.608759289585037 2.700704260975642
1.4310972809364912 -0.34249438661667747 -1.2045015298031796 0.3386935726745908 0.5323693927586663
2.478794777095804 0.3986135234248304 -0.9358758203374349 0.2522658319288848 1.547061833035041
2.215110787478925 -2.518816401219499 -0.6360496052533188 -3.28737082075756 -0.3756753416981248
-3.435076580561078 2.279588942984885 1.2704345696209038 0.30483406025612775 0.6491604668703427
-0.39841037857559414 0.7644145475962749 -0.2820629514257935 0.2703522020251898 -1.3300794918809795
3.2820215528213477 -1.044593186425516 0.14529566438321057 3.8381666365026033 -1.6881049160212118
-0.10369543541374218 -0.5247285029949198 -0.2964107414375292 3.124711625732906 -0.5209985243443329
0.03885081261611035 0.2242402478573983 -0.2975865377323397 0.25645923474612997 -2.062085937615504
1.2228998706490035 -1.7247972534611282 0.7483873234258063 1.3086473345912464 -0.06517612328759291
0.5353528133278522 -1.686837379125751 0.10279927725770938 -0.48880576280542753 1.8926362086761026
1.0437946449311004 1.2704994212095542 1.1273254241500974 -1.174657237883405 0.5458892273298702
-0.09293056923004332 0.7632029153015519 -0.6439566888246628 -0.6851470314692965 -5.521693178398958
0.062171812580251284 -0.0687188989926792 0.13475150879134204 -1.6063207014343632 -1.7203296720314736
1.7697227177566281 -1.3713321811050594 2.0979731863847415 -0.5556812055388564 1.085062037371106
0.6675648100121991 0.8643946392760058 -0.4241212103128745 -0.5785893287162497 -1.5009381234475367
1.8529749070775348 -2.427171638033418 2.3270885712910507 -0.24118083453983505 -0.14537313285824144
-4.177571880637282 2.1983568966802425 -0.764470612135071 -0.6347481152206711 -0.03793663814692541
-0.42500376740367823 1.0280384881142566 0.6258673822803923 1.2608443998389627 -0.31483478199210657
-0.7051023509707293 -0.31040409249733475 -1.6648164647529469 -0.36019883752938736 1.7831183819676792
-1.59893755822746 1.7674698658100814 -0.26180214705070115 0.9795526215225062 -1.802660722232891
0.5386802528105122 2.924279145233677 2.0041654130811373 -1.037511273892594 -1.2982421458702507
0.793643334490039 0.6840916571936851 0.3444906410931104 -0.7751861339044038 -0.4634498911838939
0.4521072570646907 3.391938822132699 -1.1547096835893251 1.5526268987101137 0.3121759825283962
0.3989857175393719 0.9754824866485168 -0.331029870069453 1.3936792503397277 -1.1290039847349185
0.4169549060215101 3.942211168830652 0.9880406507911509 1.418363524672061 1.3038224261329856
-1.4834947052559186 -2.6092734485613778 1.6345852029137167 -0.19164831682478017 1.1791142167104671
0.6816963627090968 -0.0030473012206117594 0.2677731346572837 -0.09808356273541619 1.6130069126388336
-1.522910149566197 1.3661494731687642 0.5875270137899312 2.0809706221556 -0.6299727269681168
0.11839605270201839 2.204255933984915 -0.5837726633212179 2.3999871027647393 -1.5208133725523763
-0.6799266097003177 -1.5189247347709731 3.120530384926379 -1.3456853611963693 2.2193031821978826
-2.088893630502188 -2.495398144229035 -0.11633544750024014 -0.23698596843787775 -0.527832523144108
1.0009424081836125 -2.4513566267491926 -1.2574691851283943 1.1332509232722112 -1.1224199866302942
-1.073840821633244 2.835236797257888 1.580833309359417 -2.677670251695098 0.34379882543345597
-1.7122948293288964 0.31716466545310623 0.434116408306799 -0.13598628454108272 -0.20719492605008533
-0.08820326293119174 -2.5700890006074357 -2.6438001170192607 0.012832998756230694 0.32280261073175587
-0.2630700156917696 -1.262246178539204 -1.715724495114882 -0.43612593660252696 -1.9960323070444022
0.5094103514369964 2.4907211042546678 0.6867347384054797 1.7824882885233673 1.9421630693106342
-1.1835723352135035 2.5058960249178206 3.0421590465024644 -0.9984274543465804 2.535236887181311
-0.9617738661440507 -0.293424663890801 -0.7248707549595987 1.6330481287670944 -0.6210008610985449
0.48957612372289466 -0.530051991360723 -1.2824789291978946 -2.0588749396161328 0.16200593205805916
0.9871468579062616 1.672525946921853 -0.8958664500657677 -0.037719282903661805 -0.3973570366491442
-2.111991807940946 1.1524543210103564 0.43714231918538277 -0.6936788872163154 -3.2580392924457673
-0.04006637134491538 2.3949112347902224 0.8109719608103891 0.24208869450754675 -3.6964575711599923
-1.950399337807362 -0.36340733450512586 -0.4331523913166219 -1.3411291826788192 2.830988944393233
0.1357600277076136 0.2728497536205986 -0.5555109313306184 1.077809182063875 -0.7853938291905387
1.2877717795341577 0.2713100616699954 -0.5345173058792976 1.3448650490069807 -1.2349100414730194
0.7992578240700942 -3.5616763199016024 3.061330047673144 -0.6273506260108888 1.7940801583001689
2.669647694248273 -0.5957319029074676 1.1083920492183552 0.21763825025678665 0.9194366483136004
0.10035693255783193 -1.5900231933023732 0.26329400259012925 -0.978129950713107 2.2172164324505106
1.68326150594848 -1.1279536257063631 0.48309684538139264 0.8951774256010512 1.7776297686498237
-0.8063518371638644 -0.51852126267804 -0.3947251161118678 -1.450983915744365 2.091212690796787
2.5209282331544323 -2.12305848488146 1.9751408264525572 -2.7357480493837696 0.8564980164314698
-0.9697541750903078 0.6156340916723045 0.8578424018978276 0.10897324394238159 1.885566049321435
2.8521080401957573 0.14800254538733476 1.0308298096032147 -0.822845750580716 0.261664900477329
2.614071930006251 -0.9819538532998509 1.6149505830603381 -0.8201937153598762 0.9182220608440921
3.1337918729079344 -0.5345583400658894 -0.19178653583368313 -0.2659204438946168 0.31261281123710916
0.928439341808204 -0.5261004713868465 -0.5889446004243432 -1.5751869465186292 0.4265723842146149
2.344353731895552 -0.883779772163467 1.2969772143720566 -2.188548587570533 1.2674077981302019
-0.08556813945345627 2.924274871552407 0.8933208033796557 0.8586159286576476 1.290728391658499
-3.2274309413191316 1.926616021884226 -0.19388262309165594 1.7159509642216162 0.5980914525261078
-0.9800506143915347 2.1735320794229325 1.0282630197867884 -3.0053221984797314 0.28493985814274314
0.21251279090744477 -0.22817479765407778 -0.9157837470872654 2.3076647031598374 -1.6350665591528826
-1.1416883584632023 0.25441775160305935 -0.43666655340218735 0.8699559681578195 -0.17416168530852866
-0.04527055049908001 -0.7525418192483024 0.6514758074511441 0.33024286424372185 0.4570240024096361
-0.7683425864425896 -0.4669443330045799 1.1277877716803453 -4.282652874821706 -3.0291244202930034
1.314758886974677 0.1731167095964625 -2.7856410446578894 -0.4645834339597187 -0.3029164470979318
1.9935345866939609 -2.4068674783951303 -2.3657921451803854 1.414156939016632 -0.5942903705579556
1.9181223797537494 -0.6518839275578748 -0.16488743089418484 -0.6052053330429286 0.43861595207868415
-1.8093089264313036 -0.73119060114124 2.2316917459367422 1.8660343013280494 0.8109151270433832
-1.7433002781469298 1.1019021342727178 2.0007298818679495 2.132410388305529 0.2806052517539989
-0.9345103719793529 1.3498614001674003 -1.0594034214236179 -1.9741723755491236 -0.8593187194306038
1.205725612549494 -1.8206859221095129 2.1936148434983185 1.29465806447226 -4.887514794001311
0.8785343218254391 1.4408149291272487 -0.9783561542904748 -0.37193848444139127 -1.4683483913172317
-0.7334246332137557 0.15244522157969229 -1.191429898286378 -1.0740792085354418 1.5484307014715664
0.25686145413546063 -0.6799629608187068 0.406564136687478 -1.3820053171746536 0.4589649576193835
-1.817388264392238 -1.465157788840874 -1.3141118477211007 -0.03162685853789057 2.444984469248692
2.495993061558277 2.914185493949728 -0.25838316669461914 -0.8000980923965333 -2.556450700269442
-0.6670834209446299 -1.485155668363388 -0.08537298448846914 -0.35108189650787963 2.5867911626305813
-1.2216990884664471 1.4572261930226167 -0.4578922381098876 -2.645178007546201 0.06072116640134069
0.78991607009857 0.6089489564895297 -0.08933877607756813 0.23441931547692402 1.251613623392418
2.868301929740822 -1.0196533645527144 -0.40732460391869624 -0.7679302579819698 -0.6401665683369976
0.663216102420693 -1.052734060196696 1.0995941250875556 -2.590852501622206 -1.944377329769437
1.8548160634112338 -0.130601593860685 -1.374988161074183 -0.5567972575338644 -0.020947073087874062
-0.7357854189652665 2.2624718436593203 -0.6639815332316867 1.7547104899771484 1.2533167429402756
-1.4556341315288237 1.90772166837269 -2.7821622975565594 2.1060394978194283 0.13258090808143194
-0.14545752797683217 1.6696816889549955 -0.24065976639358844 0.17570236431371838 0.16779659846786132
3.394106872442622 1.3919325030317256 2.361929274101044 2.1977225523589365 0.1335894653997848
-2.050729964785454 1.5552259623531295 -2.0411156853138417 0.08500658790412075 -1.891034093766438
-1.956392230054872 -1.5016954493360843 -2.3883525772208603 -1.01721927432459 0.4876944873416826
-1.6273045964891977 0.4119181385133257 0.9214427389705622 -0.3093934552927261 0.1952585729069285
0.6324220520501197 -0.3867599052663142 1.1130596699111108 -0.9358240776438966 1.1913169497330671
0.3532090648011775 -0.3390810102851607 -1.0931846769323763 0.05867698384974541 0.22745007186222388
4.6538143886937675 0.11470560436984596 1.236307746349644 1.211211390768126 -0.7774567924837622
0.5340894151445711 1.1711667258685012 2.1742241620170635 -0.8421412525963581 -2.181718991874598
3.470280431886222 1.1526270562196388 0.5587683155695014 1.2691001815143188 0.22727061366661408
2.1949268883331015 1.074503324296583 -1.673366336626593 -1.3117253664864064 0.32099201758088497
1.2869758086487482 0.11496835394855467 -3.3131155212603343 -0.8832794532422743 1.424502342303922
-0.1520251341947562 -1.301124742469219 1.009050162475378 -0.3238162391930295 1.1238114164571562
2.613781240525236 1.0026816396670624 -2.8036090892761334 -0.44695962551385326 0.8002533960168889
1.7221843287558578 0.8455361828485577 0.995545772678718 0.11077408910986716 2.582245078163124
-4.354131355880178 1.2337143898643144 3.046084073793989 0.8283337094946852 1.0788000593768756
0.1420134170412909 0.7134765870116277 2.208148942642904 1.1803730556179117 0.06927175334173406
-0.12684670810811727 -0.1605394419168642 -0.43918812093126836 -0.03645832887308382 -1.6075339996247102
-0.5977218360402368 0.38281159496289396 -1.6462123227130487 -1.9580912146932816 1.278466212240644
1.0612234967302763 -0.40656081327527144 -2.451683215128109 0.42789149096917134 -0.8020573824913863
-0.798527249942209 0.37642903943761125 0.22186833018411484 0.6042986655600305 -0.6841316739982078
0.34460006486399486 -1.5109143215919107 1.3508819871877789 -0.17231298344330945 1.1216761307889893
-0.8711286539714049 -1.4939180073008373 -0.6297350446269082 1.258274340101617 1.4743382474367288
-1.775177550432684 0.9862087124374521 -2.692606196924537 -2.4700533507404594 2.0663912178967023
1.8642162011760752 -0.04907674753341299 1.0127176754439886 1.6056613302439893 -3.859629652093644
-0.6436279150928021 0.15929110246971057 -0.6754986254246428 0.14560020386311812 0.9097693268207708
-0.38157729738431173 0.32679399249292407 -0.5307889262069073 -1.1600672535461398 0.37743062417041945
1.3460112306855236 -1.1720675633225581 -1.0359822038797308 -2.9382178480077017 -0.8886817789802088
3.668538220062868 -0.5894804900529608 -0.31311328755934 -1.4553215866409273 0.586883947130383
0.25515982199015846 -1.6855964833908614 -0.24622583750333918 -4.157212414365687 1.994829343961375
-4.820542900122655 -0.17960137232852913 1.138240609279439 -0.4879779811018074 1.7087191905380956
-1.4932246033119478 0.11556482327597936 0.7655638300317064 0.34544642027389877 0.23002771635714636
-0.5660222533682762 -1.6593132772774388 -1.1442216666347924 0.7860122396275407 0.4170630204748888
2.121626659641725 2.4107242880696593 -1.030683924409249 1.800181241822583 -1.4156194518383607
-0.41819692241263345 -1.841575285020779 -0.9083774694610921 -0.7945294778162602 -0.7082491641817414
-0.3875256110948754 -0.7587480692029113 2.372661056329636 1.8873936179515065 -0.42448819159745504
-1.3681720156462644 -0.5530402129483237 0.6241775885786407 -0.9071723782184541 -2.0857241479853754
2.918958858379511 3.7079344817872597 -1.8193834963748645 0.015223084318369738 2.5236054508100882
-0.1876294700006063 0.6329733557351216 0.4127284339678473 -1.9861302179782956 -1.037703525152978
-0.4372104920407857 0.31911976637676426 -0.5960241477676309 -0.5186825067698662 1.3084808807020691
0.25504527612975236 1.2070194889185812 1.3339938395060553 -0.1824950195131665 2.2115828327404206
0.12122847728891468 -0.0008835948068397222 0.7815855939365344 -1.1101430675766466 1.4125273904559132
0.9495227510276979 1.9869073564774873 -1.188381510833384 -0.6209337966263431 2.249897326460358
1.7693503327463147 0.07774472572346751 0.3538536538555132 0.2122990324155866 3.6097375898928394
-0.9054760388830703 2.298951004415336 -0.09182803215235985 -0.5468133904668614 -3.3919925846739107
-2.2572923293456935 1.4273370603715643 0.7609597768788053 0.0848238759878014 1.5595722610403466
-0.7851869046728168 1.4561188781730316 -0.03066545787860086 1.1249189354633 0.0783429478326676
-2.167357200236361 0.7460772429971002 0.1490418952070923 0.8515070766103227 -1.5204710876348368
-2.2044578467356186 -1.8815577592882318 -0.8832731745052429 0.3278895402452052 -1.0111458502453368
4.8653263805002105 -0.5937776127768594 0.45635050515627934 0.39982858456744186 0.9315769309255122
0.19042275120722535 0.9839959268634707 0.013370828922732952 1.3640403446490255 0.9952253383595541
-1.5217156054534628 -2.2754636196466613 0.182455821312382 -1.9392428170335319 0.40878784611014835
-1.0261720863327641 0.8780016021609854 1.5756983083838119 -2.4704404299432627 2.280135301286247
-2.310589882833463 0.9797173845537495 1.4008960529828347 -0.916135395227655 0.03401597905111757
-2.342868296338639 -1.1734998429300254 0.39035793885261816 -3.241434672366803 0.7053587670366782
-0.4671043352415243 -0.22044293163307405 -3.53109347230554 2.5922836246352423 -2.896347800255365
2.4673200506481607 -1.9539167789295122 1.027207242730953 -1.8061509306427765 -0.014173509037108196
-0.3802796073644704 -0.6096850630786795 0.20451138259934457 0.39540649378310455 -1.6222103902555205
1.0022761361880992 -0.43645099214379535 0.26944627121307013 -2.170926395468177 2.0035703017624233
-1.3388767755754531 -0.22807723473426283 0.03371845878547165 0.7274392576761551 0.5104818565759598
1.4387841142126938 -0.5146084719630092 -0.4294131765416838 -0.7132603277965008 -0.5713826377062955
-2.51266996607227 -3.2457068679514745 -1.4478137877666521 -0.4791536053417785 0.2105194237581985
-1.9391833036534896 -1.4057391877079422 -2.016977896061843 -1.323023319873149 0.2914642441861672
1.9364879304139184 0.4013606467608407 -1.1746616182439311 -0.040216980918102774 -0.5771152471966507
0.31754260783622423 -3.529663150256777 -0.9494476637218665 -1.846520915912818 1.1553190831955016
-0.7883884889039038 1.9234566142909713 0.30064313060144304 -0.31597351231461734 -0.7767772110983494
-0.883401711546072 0.714384835723931 -1.9913506825484384 -1.1329874156667676 -3.370546180605673
0.6104199320438954 -1.3927378061753937 3.0263110529947914 -3.4144031201225555 2.296793795939858
1.1914238217501223 -0.3538390399738858 0.9094221792333599 -0.47995915683146245 0.6367407539560731
-0.25016830682634006 0.8245561155813566 -0.07167511200435635 0.3437891637144377 -1.6585052186706344
-0.12205926761878506 -1.0402475824452309 0.646361783850785 0.7035225976753012 -1.0199881957716934
-0.13385387584824043 1.0227221691733588 0.2318473682344888 0.45767291762048173 1.220662193953412
1.6258005029194391 -1.260678707828001 1.874216850172172 -0.7389105290166144 3.9017293651869824
-0.9325105945367829 -1.662718982644426 -0.9419155773233902 1.670960126935051 2.463300551561872
0.73866642630411 -0.3704692007023138 2.2922740302266247 -0.9618268184162265 2.9013418610043358
3.8865642839884322 1.3204687209496289 -1.0451252774114559 -2.406180017869768 -0.7089076389153677
-1.279506736895527 -0.7753890552800599 1.0284656161869759 2.3519547356869475 -0.16220627113399377
-1.2061318441085982 -1.8806296464981214 0.2503042576967549 1.410509648417948 -0.48284655765514056
-1.4555489005135323 0.5699201965382192 1.449387604748296 -2.134943809120857 0.023443768052516828
2.021077555512591 -1.1782528257790508 -1.1569675766144607 -1.2691807306928988 0.3923787431796354
0.4378426796965748 1.1045950883791478 -2.2586516409767916 -0.018644914287002844 -1.833483211250106
1.0891957020087932 -2.2431096752493223 2.411839554298384 -1.330967465319199 0.19877910716590502
1.211372484284368 -0.4531058187330508 3.315676568839665 -0.958506578564351 0.5894693113436694
0.5400165476859845 -0.41389184225060394 -0.22679357941126144 -1.434172988047384 -0.2740423193910833
1.4698132389381466 1.2721709707805795 2.5307655607140465 0.0349367562773208 2.7493050041307012
-0.2812645391725792 4.266405791848715 2.207218880875913 0.4030736654267777 -0.0330911134726673
2.171054902621557 -1.5213947602074127 -2.644809916082828 -1.836660552567326 -1.0857478492464518
-0.9730361229203822 0.2338419272883345 0.5659235170741264 -0.3760498759217904 0.28634495746594824
1.8754304389070624 0.14773828693748572 -2.5372278494578917 -0.18112396733180824 -0.6515866525513118
-0.12183279247896377 -0.5716210868401105 -0.10626446730741343 -0.523179582679943 -1.8830452036178116
2.2191722019326194 -1.8452420982544124 -3.034546396832849 0.3070183916108375 -1.030833986540588
0.0808914103333738 0.2129808398268252 -0.7315461710800888 -0.91577211719167 2.049421795220376
1.7277930857644024 -1.3907455121221117 -1.5594706207099451 -0.8291548171602452 2.1945345335827744
-2.701613300173731 0.9530455511530872 1.441587985100927 0.7512456321214982 -1.2197483918742944
-1.672124590709565 0.9115861242236359 0.8240924087212225 -1.576582577848845 -1.3186469839635564
0.3869726943360028 -1.2329929617314446 1.8506085127704057 0.12457693397373443 0.41249437547981743
-2.180526647019185 -1.687234774755576 -0.17417542667069483 -0.3468842551709415 0.2196592957420701
3.05580316105595 1.6362319606705231 -1.2094468947178831 1.8177031721795953 -0.6477499087515162
0.9473518854014508 0.04254099523962559 -1.9363323670756218 0.5139088603156025 0.6094136656601661
-3.9760195282673414 0.8594375308109197 -0.352516854012527 -1.7979264773974808 1.6040205206318519
-0.29187720417532675 0.5034212010247104 -1.4663616976031895 0.9379411147437177 1.0198568694423427
-0.29240398713480165 0.3083025375598465 -4.544696413699804 -0.5478349647500034 -1.548861158322913
-0.6559432385284535 -0.2584318459233526 -0.9737285746534793 -1.5998275075999369 2.1077879408632416
1.6101453581065754 0.6128756041810267 2.382106483692021 -0.5592628031287629 -1.0680741250182255
-0.9520526606609943 0.479188313150635 -2.9156970200604473 0.04666681675967229 -1.384892364513819
0.34965330960052077 -0.7506423086975007 0.857499836109096 -0.39851868747241564 1.649291786356359
1.4166208435284953 0.7831540946114187 -0.4691244240106615 -0.5867563333126642 -0.44516546825128017
-3.8332518498041455 0.12050541636122342 -1.274336741214292 -0.2990714235487632 -0.9407746705500983
-0.10130885208295055 0.7983109813104328 0.8859022613325863 2.025097134876071 1.5896343044524075
4.408087712260374 0.636731710866542 1.7261006983544902 -0.3350681268545889 -1.4371628005451595
-0.9480877605769779 -0.4874909493612724 -0.8720468940865402 1.157198772086148 -0.37319168208451053
-0.9779212579223618 0.03466718178524564 -2.0529568566631657 2.8911193320545077 -2.135684720356347
-1.6693576929590281 0.781703258557491 3.420251486238482 -2.2935638980520325 2.083797191460626
-1.716139480264114 0.49299511006535013 -0.023494472294790146 -0.17586724911910423 1.0243384480798081
0.40539726746026905 -1.0814006406871954 0.023246630061993664 -2.1316875914611124 -1.3154596007292445
1.9712260596889217 1.075793293107045 0.008091147540859395 -0.4949331206587331 0.7057813736021393
-2.1625751085421436 1.447384942029582 4.269195985809724 1.6462421810531929 0.462795001520897
-0.1103089350171098 -1.590459713825158 -1.2148255535731238 -2.3985292256425597 0.5771638133336975
2.1298219129393208 0.08533402123199421 -1.1343268899603665 0.5442919639289688 0.2150757985557761
-1.3794474698230972 -0.7007866148017261 2.0435235922446013 0.7102334787117641 -0.9923620590934692
-0.008553169336594908 -1.4452455422215849 -0.31734318195851574 0.6499864299717037 0.7094154248578926
-1.319668406792728 0.48493050043600583 1.7474400336039844 -1.8533593285365895 -1.7575666563112025
3.91706691061426 -1.9654401788895208 -1.5806023664825812 2.9338328892165877 -1.2280275854031013
-0.0899457383990176 1.1162745639170342 -0.9483450962635724 -0.8402917950311513 2.0294151628931147
0.0997791390977709 -1.5275657785003458 -1.3875199772848739 0.4614543029986609 -0.3071231806213183
0.6887160903953408 -0.650115436992058 -2.532389937445091 3.2898391209098583 0.952531670380549
-1.4030251435548953 0.9075341455657109 0.2511278339419687 -2.7576889615637934 -3.085986414207623
-1.3680350274959308 -0.22593983915540836 1.8941706776672314 -1.4897627295907374 0.9384685792525956
-0.3878261237862749 -0.7675443535314518 0.6250458376638245 -0.65179767930483 0.9390751589491242
0.7148357605296054 -0.9389907082498123 0.5693579758465471 2.490367552676412 -0.2316492615094215
-0.9332526088476732 -2.3559733472575135 0.31750627266635145 0.9187739408048016 0.29034231158022084
0.7482443908835088 -2.963469864257925 -1.1799024871731199 -1.0897866379435122 1.7753688614677774
-1.5012396849076401 -0.9046194430155459 1.1506447432902676 0.9732851863657933 0.5137000037913435
-2.486870957728125 -2.8416297021894943 -0.25257127728624534 0.4067121311341722 0.08831553538582448
1.7433009832656905 2.096392070669521 0.3715487026258039 -1.1416468205377972 -2.5573507608413606
0.1866906722622088 1.6551603119250742 1.6547647797966567 0.704164701383376 2.1442614913405538
0.13446384790115473 -0.655592422269766 2.8019631436184413 0.5995840768840708 -0.07497097063145683
-0.28170757984706724 -1.1658854610906921 0.34731806172855706 -1.7929789870290276 -2.6553586238353164
0.44177774739042125 -1.932504961698355 0.22874135745436475 -2.1531516177125667 -0.6429829245012585
1.0477968527326738 -1.7511247729169261 -1.9751971536418327 -2.667984994356917 -1.6531299432767412
2.0831417423409375 1.1190651406511618 0.3076240204828658 1.032748267756501 -0.2811272667377012
-0.6554032030987718 -0.7736581366355166 0.598403800356709 0.7512460394665312 1.2384384590998765
0.712303821160361 1.861482049531477 0.41711789798738336 4.678011478833763 0.06558516928178885
-1.1055694583543092 0.4748659364977286 -0.8603141680244036 1.8203742176112478 1.432382704940924
0.8637904499288498 1.4536907698966144 2.42622680994139 2.2170040230093084 -0.6915785497774466
0.39755301481531524 0.1478689531703619 0.798093883023288 -0.3789576291430882 -0.0781734773059408
0.526095742685393 0.2371896691828893 -1.6584420487999703 0.8576015760168033 -0.323459509420485
-1.3601216710269322 0.458967838087857 1.2397866273149503 -1.9050255656118733 -2.6497274657344314
1.6455105298429513 -3.6960668125554053 -2.618675101299192 -0.9861269776872881 2.4946702872532964
0.31456269386759667 0.9869238550952476 1.943130146281384 1.7921500088868547 -0.650525812344572
0.2390915470386741 -1.9675466820413392 -2.123043607308863 0.6531201947384386 0.14954530760189527
2.237118361004436 2.362938690955523 0.6497363964280245 -1.5368475426553072 -0.9250462468241026
-0.369486340686595 -2.8492310229414066 -0.6910577587593894 1.3741284443596808 1.003008960605643
1.0561233504540155 3.21660795839295 -0.7344347573387896 -1.7433763178810597 1.3610621070532487
-1.8084309278789836 -0.7952302483241599 1.3210203666173705 -0.12332586065746497 -0.8649996849531679
-0.03237428728707256 0.4154663108293279 0.548642580070045 0.8351161210781565 -1.5876215863698682
1.1149003473846784 3.144226603652101 -1.0157762240891421 -0.9304628569822896 -2.3100969680810586
0.06531229096115117 -2.132207058138334 -2.9365008665846895 -0.8107974594266203 1.0201302075711922
1.4191542440857716 -1.2916603407137013 -0.4604077737712877 -0.3191907770563218 2.1121046158012455
0.37727003121505875 1.9574805588771336 1.1565899191647673 -0.11027106115704836 -2.7082975215419496
1.9833398136268885 1.3323603647599258 0.22013693222075945 0.799593040293284 -2.825574953961025
0.28636170361614716 -0.2582594227810198 -0.3881126599878604 -0.36705061783432397 -1.0788285120439218
4.2617508091466645 0.10867924873681935 -0.7978963212237907 0.7399809411116083 -2.341170679550979
1.9925760408137805 -0.8885709698794143 0.46440059118917626 -1.0179640720759666 -0.9684999469016069
2.383691214452621 0.7333007160455739 -0.2675459641993384 -0.5097652323785329 1.9299121893146953
-0.1407889871888528 1.2140568566406769 0.04075420521681261 -1.0495532450705216 -1.6313603040443723
0.12312880196368413 -0.3127467967831501 -1.656407071620853 1.609581999909644 2.2841761032055676
-0.5164835976439349 -0.7958328521800618 0.7267761180531375 3.4380250179359244 1.4102810212758663
0.77503033161042 1.0703355546360702 0.0011016976352917472 -4.346630468389751 0.473755034000567
1.711769503643413 -0.8176316690055895 0.38985607088292173 -1.2113277885779632 0.8951460975865952
0.7740338258217304 1.4954572957944188 -0.3909900460560954 0.5820357708633906 0.1894222062706012
1.0398309010290432 -1.3371523393043174 1.078675299799552 -0.20412033378971334 0.8631390092537918
-0.6759017565657716 0.011553257504813997 -0.04413250491698496 -1.7481285594593414 -0.4655371744781732
-1.1098035922021279 5.113193416462628 -0.23746631464950893 0.43578439095541804 -1.9029545098287735
-3.5838432732761216 1.2056695212323383 0.45388967944874425 0.6059780996130145 -0.12155534083096342
0.3513766536528505 -0.4855999933986886 0.6406816553228877 -0.2580860414112144 -1.7229176856464552
-0.17615679517195826 0.1500871050182149 -1.5646860842980639 0.1011924128405853 -2.551825667996206
1.184156398105527 2.217136081027064 0.27652857208731957 -2.925813340830608 -0.5040603482589907
-0.5262732180952133 -2.4610132973767165 -0.2732790989897663 4.179896934675389 0.9370521253626136
-1.6822152051785118 0.3517557987810791 -0.6581384160368831 1.2550922203724175 -0.5350510841161082
2.072725138608861 1.4107053670651075 -0.5183103379867888 0.38034084650159183 -0.48642889136953205
-1.3919140571790238 3.8871770908686023 3.3157275449047168 -0.518152732796834 2.1528202759873003
0.5587608863947177 1.6454191121971509 -0.3236684721950496 0.23105258264637568 -1.0771529661028694
-0.41935547826175973 1.1870157238751065 2.018782254590748 -1.1941255380476004 1.31381751364919
-0.6494408512126402 1.6549594049380212 -0.9038679148977903 -0.9396722704351846 -0.38938221103257487
-0.6059331584090933 -0.4871290983992015 1.112057851222692 0.25439378337768337 -1.6891155233197765
1.8677974163988307 -0.21326184208833954 1.1046665757185743 -0.3057037793104256 2.7459187469394477
-0.5277129118305448 1.0944676029090834 0.1258140435287694 -0.6182913067039207 -1.0876659078527684
3.763964109993935 -1.0442124984162888 4.239613736295362 -0.2057361282980052 0.3149206860224543
0.7721672490864167 -0.01691063040079561 0.697301238323597 1.8337326961143832 0.14231442946759976
1.202580727176367 -0.18003138518975068 -0.15991569357854787 -0.19993292457569242 2.2088294335697256
1.7078169097997824 1.5598163948037493 1.7196415099818025 -0.02074385306585004 2.1511092882796135
2.072399657817539 1.9371985003168437 0.802755726079366 -0.7570200758673123 -0.14213620252461664
-1.4043453569347124 -3.7943669068486723 0.07749932693708002 3.236842976767457 -0.41260492770190355
-0.29331401732224566 -1.4302606417729045 -0.42907163510686036 -0.24916021898345336 0.0058126304417501886
-1.70717656736056 -1.7821326303866725 0.31279531638385044 -2.6247178345318143 -0.12637289491275092
-2.1048617034922334 0.4630939342272695 0.09692244208594018 -2.7452121298468715 -1.1888633614179307
1.3645617757197108 0.9840880492623487 1.2689647943960716 -1.445347315797286 -0.08507502106722148
-1.709274798028764 -1.5827249930433451 1.9316728843340392 -2.7785625573274935 -1.1765249719824458
-1.143647444916394 -2.008697952710364 -1.0256677648650177 -0.2290563790536409 -0.3153473570169488
-0.9125489635364846 0.06465241628554205 0.8249498068295645 0.4187182401488291 -0.7503153378993864
-1.693989561642497 1.5895997838795977 2.9715299815020524 -0.2608968869751295 -0.5098367667481212
-2.1047461079331007 -0.876346322390223 2.11036309700649 0.19861864189373457 -0.47521076692327924
0.028116161078267244 -1.0460425256929586 1.5578000928220672 1.050596982525044 -1.0700450309411407
0.5035346309430623 -2.6637582121159684 -3.576882603589805 -1.77051633939955 -1.5060244504182092
-0.5729718194752578 0.2628984632267878 1.795109522649365 2.276297106197341 -1.8225801189605986
-1.299911118974845 1.3585655324063797 -0.9350425232453463 0.050961242249771214 -1.6664598510914053
-1.1045759573064835 -0.3378247529809082 0.7473493369706479 0.37640652970996474 -2.1575292336424514
-0.42690613383691584 1.280031020697831 -2.933138651103611 -2.6263779054759375 2.9474979507823105
0.8596856477036472 1.0376520414084713 1.5494855286434164 -0.5109814229041384 1.246675692039164
0.45735025287730957 -0.2591047164700126 -0.13136959790873964 1.2288865669324076 -0.384989114620305
0.4714081096334222 -1.7099967504865228 -1.5366973663205117 -2.01961702919345 -0.7313412829053807
-0.9394798588677334 1.4740123782885495 -2.376653896119854 -0.19812682413059315 0.938246715422388
-0.9942142490052414 0.1652683852251867 -1.613198231379205 1.19369470798131 0.2835126035578138
-2.0005239285772927 2.627110853058477 -0.5483462154226447 1.8605578782002878 4.069050923258104
-1.8074498743208738 1.1481060948904511 -0.3402481298865018 0.3414395318213803 0.6069800732939807
0.30974414667985295 0.40527830694392764 0.4903767470891331 0.5410220861389935 -1.5397063317207498
-0.08937430672597808 -2.6081964922410656 2.1452490665712993 -2.4250213256828763 -1.018359669668518
0.14482671272779646 -0.14660476607566283 0.029032819217244033 -0.8626129364989901 -0.19243300646905845
-2.21202788427218 0.8458118326764842 -1.9529034849941467 3.8164507785431883 -2.559521466068656
-0.8260303038547314 0.6663389491952871 -0.5342912585069316 -0.35723922653979623 -1.0553024910184634
0.9115693779567254 -1.147646270787694 -1.2393037939965386 1.2591837973428703 1.0017310850867231
-2.276341212980744 0.11319581498962182 1.084664303087209 0.7981453873357047 -3.527176975467021
-2.3129093447503912 -1.5838029193791336 -2.4083230102634237 -0.9670701762873277 -2.680846566075262
-2.245831047022623 0.41497598097499233 -0.8654063427556011 -0.3697075469287066 -1.33670924526708
1.2568347053083735 1.6003530074534769 -1.4708542438582952 -1.3916224900741405 -1.6569456032881347
-2.106434476489627 -3.4716348684659186 1.2107739050077253 0.6743490964079639 0.1156141910711359
-0.6033336329938028 -0.20425454932690515 -0.6403369279102085 0.08979680851603608 0.2785061251440984
0.3369894705555218 3.0464388990954356 0.8774949607902499 -3.7492091748237106 0.28373060747722867
1.2540214397815397 -0.7861540744708935 -0.6937640537330234 -0.057979916124523447 -0.8693958346550635
-1.2053233413723325 3.6773444814110055 0.6184427521121516 0.38568607387812986 2.4386409312089454
1.0948478153041 -1.933577250382664 -0.4521805105518576 -1.2584736338366056 -0.9904956467255682
-2.118796649176268 0.9066491494329635 0.43950145792577006 0.009913444219972893 1.3019941749191029
2.7380316254129258 -0.12405595352572019 1.878043720244372 0.35817704104621556 -0.004178636695076873
1.3269439557396685 -0.8758574074443931 -0.0622961887250535 0.610919477232517 -2.7587473622835685
-1.033057201036737 0.09586662396180076 0.5847972301089246 3.258409888994854 0.07144244492903655
-3.4529702060522616 1.71940426710139 -1.0277679323509428 -2.6763396672924746 0.1825492517084779
-0.022400641172060955 -1.8999111387789969 0.12304598877131039 -0.5343170878355519 -1.0476553881704573
-1.3533024072020488 1.025899926512495 -1.3814677859710074 -3.234169249850673 -1.4233305880446143
-0.24489553652733068 -0.0824133644031384 -0.6781073962273727 -0.22485526079632023 -0.08653214442497591
-0.4910793393955406 0.7297886379319661 -2.327375100866332 -0.6490633840551595 1.113485603276798
-2.6576245800823206 -3.1699109155999996 -0.6266769702946492 0.6214988482247029 -0.5675697459704262
1.467997587854193 2.163130520965452 -1.6668177185841333 -0.06300565294001952 -0.3043423664506601
-1.5087259738520917 -1.789163043412529 2.19510723077845 1.8507775448942245 0.8558656289338722
-0.6789050502944278 -2.5074831088718725 0.24219189232683008 0.60748034193081 -0.8004879500825506
1.6107751529769472 -0.3552575234219962 -0.28290508731267117 0.7886708712036494 -1.0514972482430147
2.8735410126609167 0.7420368170499115 2.2373002619591467 2.3669730368142297 -1.2353625487529414
-2.9642182707801688 0.0604451655991898 -3.1899666700206226 -0.7219162142488844 -1.170826802423869
1.0446760653507392 0.7401491530775778 0.40717484325068093 1.3960942552510398 0.3406491637763217
0.3992914933767084 0.22243608660222616 -0.5249694547854653 -1.1926186111586607 -2.436802577405058
0.34884942664594054 0.4874537132513976 -1.7168123171846446 1.0170732801588267 -1.975735553700082
0.774592513040969 0.6166308563899461 -0.3574028642307754 -1.1135339370205821 -0.696091503106531
1.0041801515877544 -0.11104087516036874 1.2598077278793716 0.04950340201185843 1.8582098889530312
-1.3599747354226948 -3.3057232208254765 1.2515551084311733 -1.4563120587820162 1.0565654169777885
3.1971526099184753 2.9008379346780537 -2.1459746309818253 -0.2810990799636549 0.03773769559681354
-0.9934730689325348 0.6137684580187254 0.3487763673677802 -1.0307143283321045 0.5837819630263581
3.631721986712552 -3.4083295346954574 1.2354348322921955 1.453352757451747 0.9793092806842663
-2.684000522661943 1.4221600340577354 0.2242517620429081 0.9194720804292911 -1.7707970437449225
-0.1253133412863944 -2.509375100608838 0.10067336674647553 0.9165622868020223 -1.3753420578542048
0.8089795542339433 0.6252423063595098 0.12953990541128194 0.7621684806292393 -1.3401630304840493
1.8103157414144497 -0.2552426703823958 -0.7361435383606961 0.6272001047619129 -0.941123174426365
1.6729592136713927 -2.1502188722114033 0.9564324272196709 -0.8092757066860131 -3.5743923652668665
0.9422586265928524 -0.4373435342333859 0.3705275426667547 -1.5298762585119061 0.04392790613683409
1.7936339230985325 0.7780840420532551 0.11128486975377079 -2.9707507883656525 -0.6893205529553
1.1365352476292607 -2.4073472109671226 0.16237987931382167 -1.5932226145084305 -2.1831027545777606
1.8007504306363005 3.332809888798205 -2.317862904195033 -0.28651877145708615 0.9467861642487225
0.424587353035634 -1.2850188191095568 -1.507840777527244 0.8502688480998858 -1.001031043187913
2.6487522941824597 -0.21537127260026434 -2.6550440829086353 0.6626455615822712 0.27221128744660195
-1.8988964705922864 -2.240838446648169 2.1245942140389866 -0.13841276469238778 1.605636488796201
0.11816306687426541 -0.338463453716616 0.2619108330738052 -0.9463083201934895 -0.23769598343662252
-2.851483041442767 2.5979194831736465 -0.5018512030074449 1.9803768390934442 -0.2362376559496856
-0.8659018138807866 1.2463951293678248 -1.8317600770668505 0.9858964819221148 -0.5273650029713776
0.06046601359400574 0.9211388097718899 -1.102728931112796 -0.3830939323723531 1.003994216946488
0.5118108314620976 -2.4583921438497405 2.0286680921482865 -1.1874692656014092 3.5334394908525115
-0.5000646755000162 0.768939772738666 -0.6475388233328666 1.5285646073025716 0.9426945733977514
0.8452186526174603 -0.7561713863433218 1.9547777728087523 -0.871418687170554 1.675279762495804
-2.4726655978578758 0.9226084378041148 -1.5741765558643064 3.218238884683353 1.5865128021594705
-1.9034233531271736 -1.79977072367246 -0.3704851844592486 2.4551109425166033 0.8574348218817083
0.6404399441479258 -0.8215158027848645 0.9635418904881918 -2.016787785884808 0.5747117039761661
1.2686350025782025 -0.2849744625012476 -0.9472193591701297 -1.7032790794130588 -1.1791881196281422
-1.5895295515374157 -1.8075651106859227 3.3212571766913985 2.6496074428075373 1.4878278958697368
0.7944352932352812 -1.0243451209136536 0.2889719811241395 0.07113082995122806 -0.6805379801782087
-0.8655617084427311 1.0598044183181934 0.8616944500420889 -0.13196433754557316 0.8561449316795701
4.422088656796437 1.6611340857218637 -1.1541894884462864 0.2490593182376973 -0.8828513931275636
1.0920362818411393 -0.2304515412096682 -0.16533289934929013 -0.37859401665191833 0.6952220251653851
1.7315207440003209 0.5701455406743924 -1.2046867863975808 1.0357335730127215 5.374410760953011
-0.6783463133270522 2.134996160398913 -0.4222174398524689 -0.7524637893891183 -2.2487459746639593
-0.6607418592780316 -0.9847966351042171 -1.1780491573450054 1.2162001144664258 0.16966488270505423
-0.43051789615305347 0.14609370056540846 0.8131983618630634 -0.20661502136242763 0.8768947090838346
0.8119961496790469 -1.9171709011812226 0.8838539963717047 1.1520017984592323 0.2596899813817907
3.563111421318088 0.7716765850564542 -0.5749836815773618 -4.267789854187671 1.8742193129773643
-0.03492140699032666 0.7871227303652303 0.08311550562196425 1.3415040325279284 -0.1203007126887332
-1.305881174279563 -1.4180576149908335 1.1277597977271956 0.4579902282212441 1.7511649893519574
-0.2965638800210451 -0.2546072095239919 0.5068467072692348 -1.3881105685595092 1.1794886718347115
1.0171684894386743 -0.09658183570610032 -2.5437249348598665 -0.8507698562093089 0.15104551105078373
2.1157868611942807 0.02337397535133465 1.4816126170513308 -1.5631202878785118 -0.536488103655328
-1.4665085610170578 -0.730026543751755 2.2795049084859698 -0.1474239197932755 2.7281956804253995
-1.0530062213128224 0.2832817344859888 0.0659349098275719 1.5027575890875253 -0.0690796012663087
1.169843085502346 -1.1885594054458064 -1.704396833412336 0.35846905958151043 -2.8304786895335607
2.1103800946461564 0.875802752318655 -2.832041111912924 0.07673590452606255 -1.6630724856727142
2.210488021116656 -2.5867606045488976 0.5153505951144287 0.6751072761430182 2.2795953221225194
0.783715486823119 -1.819490586790169 -0.4134145027285833 1.0739070324777134 -1.3880524408419084
0.3574541258604407 3.334470720645253 1.2906433966583053 -1.60083490869053 -0.06331866626467751
0.1098372837603599 -2.17725229356653 0.3896641173271052 0.11607877098772791 0.7668626534461389
1.3280537044015526 2.934196709504276 -0.2848038733838887 -1.386763667828702 -0.10105097784385299
-0.16546199431641884 -0.4357878992267919 0.22225838318272387 -0.926361118565811 -2.4295565248580435
-0.5634432587952566 -1.7277396525705189 2.809329356002249 1.7660809459758375 -1.0916150704356684
-2.1234359785205412 -1.5812298489604457 1.3743730448953095 2.7336881255720904 -0.4241452420482939
0.2809199540042524 -0.4871264450729188 -1.9669172168938023 -0.21621374841149069 1.5487321902587017
-0.6233786768557741 -0.3909514912070338 3.225534040475868 0.33858485335771216 -1.1264585594427539
-1.142621871185665 -0.8864226346630361 0.15963257803517922 -1.5228192808371703 -2.6195842667391327
-0.05344247589142484 0.5037811485883837 -2.2338531918071065 0.13578622187630282 -1.6093832152772114
-0.2852548078430819 0.3226156693866141 0.8197212292351544 0.6202857299060144 -0.07370297556758637
2.4283862436996917 -0.587749745672964 4.761270323565496 -0.530140373336076 0.4964446136558721
-0.2835697524940383 1.558157392826488 -1.839021400475429 0.06514603708011542 -1.5193690197028944
-0.056739739874405365 -0.20607694997206086 1.8645723323616377 -0.31560737991171706 -0.42054691141289524
1.140786497440713 0.4513779391430475 -4.277619036111287 -0.6455653864645965 -1.0152263360691425
-1.3847105567946636 -0.6729959595257567 1.200488989548722 -0.9688207821435523 -0.6209343334683222
0.8070396668685397 -1.4771612020318337 -2.2526245457019685 0.13559814635684367 0.931071768361559
-1.3750804140650166 2.372457574982197 2.2926631247907836 2.153064205215723 -1.2861624349344143
0.09470987966575753 -0.7049007244413266 1.4658860362499058 1.7586140325208237 0.047943193009526104
-2.515103046477054 -1.2701585731494687 -1.3223487954458752 -1.6581283140761658 4.672289615455965
0.36485586307384993 -1.306442050532522 -0.009656047253249441 0.6092355825034512 -0.7766275593263932
0.37743128691469946 -1.5360956522312637 -1.39651955580641 0.3062294073079464 1.3591836763199485
-0.07784540156785233 2.597081757740622 -0.16652377776092378 0.08879007533530948 -1.4255776324232108
0.14599694012753595 1.1470615830907314 -1.3455479086060729 1.192704282972594 0.04397051975860945
-0.46343065759530994 -2.3715743581484396 -0.3166461882071504 -1.1694783808103282 3.2485603983438542
2.2781222920497317 1.5598680933804998 -0.24361725643304816 2.5880458413578054 -1.2687969225373676
-0.4686476979297203 -0.8394501331092938 -0.8187466931104749 -1.9223399040536728 1.2930093760067314
0.13661032335947443 2.512814229406812 -1.3536070928436736 1.9653504766787282 0.794645118047474
0.9185527738110345 -0.7599045017765861 -1.4722889830112955 1.188412805251039 0.045491354807921325
-3.5221034314710957 -1.8608306706548048 -2.693823442501254 -0.6824162482540299 1.5767265218627529
0.3779604060921505 -0.21704516730643056 -2.8782402889147822 -1.2437968826741506 2.3509757235185806
1.0350928145250184 -0.36406379681212087 0.22784346265342112 0.44419895786933167 0.5017198935428966
-2.0072630207657713 -1.9965854673526438 -0.9257662936232873 -0.7332470640957616 0.5482901241215468
-1.8435973470285705 0.5798050799340462 -0.3883437659433278 -1.8065963174602602 2.528406348332024
-0.5971252086939288 -0.0047139690371658495 -1.2135595456454444 1.0626156112991012 1.0913549912928482
2.0093818277096993 -2.3228525391241925 1.1071130586328075 -0.27683725159649464 -2.7063104757741248
1.903619366081132 -1.9028161129829382 2.84855438443159 -1.1630198640162117 -0.9435900261440185
0.5027185121976678 -0.6968440790337936 -1.978021518079036 0.17775164410324826 0.0877979813773383
1.3661493825961109 -2.4508600824541573 -0.9391404376714153 0.4653182921076402 4.363786812524994
1.3575157090693497 1.5123932861486151 0.24942784845464663 0.4803739400770265 0.12023871367616482
-0.3763783401815561 0.3942825398927575 -0.7963767463679577 0.1815028196743841 1.894533145769811
-1.6187421907728876 -0.9528277551402329 -2.627138157973256 -1.2842715511686391 2.0584837381037753
0.8401836043695177 -0.5081690495884212 -1.3181165845998561 0.618514983100853 1.2795800083060775
0.06995374664122231 -2.0443387516803018 -1.3404381205562335 -0.7321613774266926 -1.2702199698799428
-0.24424638629633846 0.8074103563110545 2.050320447558299 0.05807353620735924 0.9684903800601407
2.1127340306118967 -3.0388812558264826 -0.9631585403550671 0.9244776304167552 -2.5151040788068686
0.4272726319731125 -0.9083071927758588 -1.3617066496573964 1.0407883011530792 -2.5325211080764825
0.3298533662264864 -2.777038151653852 -1.3240681969444674 -0.19619994492457435 1.5095398783136358
-0.34585159027186035 -0.22411247418349012 0.9050737849880828 -0.26928188639697676 1.3231428022560219
0.8763619685496145 1.0144574004244173 -0.2096332823017798 -0.2712485839520241 2.0635292094502744
-0.5144179331887057 -0.8498314641073452 -2.2031909083317163 -2.086362495209393 -0.991138776616924
-1.582104351282009 1.4762130574811367 -1.484576117823099 1.8120908583343658 -4.83057862459849
0.9427798341666236 -0.32388567934129503 1.8044402188014417 -0.17167144131404574 0.31435547344776554
-0.15092359707692649 -0.5085599792177264 0.06383012918679609 2.861029142959378 0.2720513731290085
-0.47321407753893635 0.8598266430161448 -1.8207390198912123 1.118472171793372 -0.17708196910529297
-3.0975950632150986 -0.6555387225260748 -0.6568378336556208 1.0872971271065468 -1.029083554481742
-2.255906438219901 -0.664444430941104 -0.04839709420905157 -0.543040716831013 0.6682877352780535
-2.357273874304116 0.31050962984460817 -0.7847854432745598 4.3079918222920845 -0.371726147365078
-2.1560877019964666 -1.0582130106799243 -0.17182141174102408 -1.56561835784564 -0.7528954603208017
0.4345399805812561 -1.3801183730184756 -0.7683120134892237 -3.861769124820106 -3.539796249891169
1.5352528406455308 0.45326317679585965 -0.3167466550779239 2.4493568445088734 0.4447948227535457
-0.6739413279301545 -0.7222801555859132 1.2577872438184412 -0.18302090103816981 -0.304623082520459
1.1322397600026424 2.382052247524229 -0.6993801170132384 0.21767745314355658 0.2518573231712399
0.7196402775746327 -1.9432512001618742 -1.4929281434197457 0.037058340881334674 1.4847419968405775
1.7032048180181554 -2.0442485933399936 -0.1060090426005129 0.02820356148320896 -0.34896694135617096
5.415820159342677 0.4939099564398205 -1.3199296359981247 0.2645516796646571 -0.9496670350102283
-0.29943955086325785 -0.7912995510066254 -0.028773368589123428 -0.6656273367617533 -0.14921123265795522
2.3882809770927125 -1.4100322077042404 0.8791739320810649 -0.07751076428091146 0.3987846952629011
-0.7226727377418997 -0.23878045475519877 -0.743445259968229 -0.7661171927724798 1.538119214489015
-2.884021581561417 2.161722759671653 -0.6901087698070021 1.1997582049074205 2.704170376482356
-2.3000885541421465 0.8357360111226692 -1.5510241172260755 1.5506367937227323 0.2908590742594865
-1.5443856541384127 2.9545583056415348 -0.8455734827939165 1.23554058684688 -0.4601356391973101
-1.2363894978372445 0.9401560554698586 0.3220952174063785 -1.5102906867371895 1.5783944768956684
-1.902930713653511 -1.8657274341506223 -0.3821041391140267 0.7233764677287615 -0.5603170944097094
-0.30666871123337114 0.5178611771552665 -0.9796196225301418 -0.48021702538920397 -1.3142437718907467
-2.331887936587307 -0.011389899652859907 -0.1663615196929999 0.9268179263198751 -1.3259158221293246
3.9502808197076376 -1.0292184360013727 -0.015546509726570023 1.5816524026331085 3.5157439396896693
1.9482717477121134 -0.37631519463795343 -0.23893014279516958 -1.3766208016375538 -1.0863367197551694
-0.5693804540030066 1.479476062091366 -0.5897072123834631 -2.522340709005272 0.5526414344004044
-1.121591439773688 0.9509457847389495 -0.4069038912088934 1.7938548054971837 -1.6628050862229777
1.1157809974774766 1.764778752919662 -0.6340316406380163 -0.7952826395945852 1.3764453602448514
-0.17793078376326038 2.11977947729278 -0.07098261545206776 -0.11794496696541089 -0.7659988195564235
-1.6985231442851871 0.30381424858204714 0.46862649354159264 4.865841545041183 -0.9549315650005125
1.3080269831709608 -0.1995202437264737 1.4855218667456183 1.3669957978391567 1.5820094163986667
-2.055531117655732 0.9071437408735845 -0.7337311023527044 -2.850421133725871 -0.4260235781608999
1.9529255883573793 0.7613680559943529 2.004498796128432 2.3779078137736023 0.5507339232935106
-1.031891099933905 -1.180879740198769 -1.4471745561717948 1.8440241831785742 -0.04153537270506133
3.455648876199624 0.8238403375396744 0.5180396361731844 0.772363374207246 0.10739163570103633
0.1785693898286009 2.5025705472504005 2.4809780975509765 2.945348025634015 -3.3304673975794867
-0.6022464465884437 -0.7072821026596203 -0.4570522335127896 -2.323606066924152 1.1402811700538225
-2.180616349619344 1.8874844829911814 -0.9749682070478992 -0.987576446604343 -0.1626139733141194
-0.2945785219432046 1.0669357027691742 0.46533730011857505 -0.4029475280637209 1.1841875828492883
0.4989952445572339 0.5782247329786576 -0.4425987517007003 -1.0750867564361057 1.6863876233386768
0.7967239985190117 0.2515007075909604 -0.014354104279873995 0.8569045572238052 0.5934938980664183
-0.8206116322318885 0.6705392487718712 1.9809630223808428 -0.3468267028163132 -0.6183280987871342
-0.17819737761845522 0.5479858300403186 0.22740246365588948 0.5219749040254058 2.9905466835109653
-3.3829537170285864 0.4022928003220044 2.891288938541971 0.45563453011123134 -1.9356289414086856
1.539348764569755 -2.3763317899634058 -2.28806100607502 -1.7937302346793116 0.8486121773440449
0.13904831476185547 -1.7377042747369866 2.207918622319777 2.565401318940558 -1.9753231250364724
0.9667203819323911 -0.4727029028604952 -0.4808571871559416 0.2632169034052706 2.489455064271631
-1.6397471520793767 1.213415451031924 0.12678163161685344 2.3281209619173713 -3.0507417813451623
-0.7713557992019374 0.41562235581467033 -0.5318986473084498 -2.2729803369873114 2.0429392411672294
0.9886538972904019 0.4139820578796452 0.23722654176682678 1.2208248682594114 0.008949136543527612
1.6328762191001036 -0.6205453224629855 -2.3785932957619766 0.281189845588905 1.7172229588507102
0.04332537821564802 -1.4617785438220547 -1.9340565819590376 -0.6627458451235015 1.8433275296127851
0.8526811129306777 3.040957664061658 0.2977564194390302 0.31095186497219923 -1.0669395679880824
1.296867117306443 2.800236639846953 0.9457696415074944 -1.1331985422508333 -2.27663603999507
-0.5234305768513624 1.3107728839868666 1.8929662600553123 -1.6289719546869177 -0.42215921766491143
1.3813971573912014 -0.4501676964275065 1.2404689886754063 0.21092018188143902 2.5464584181873797
-2.1998266168963663 -0.3899450060986453 -3.069028237096034 -0.49275130676999146 -3.0020185227746823
1.2622315243631526 -2.134082491533908 -0.386553053159219 -0.0948488797983827 -0.38841904485739054
1.12938689441291 -1.6562171852213596 -0.6007284222886592 1.1952704204347284 0.8905811646289823
-0.6743472135815061 -0.45746331389774786 1.692221172695906 0.3013214541492141 2.742871096725834
-2.0883702780452773 1.3404368981377164 0.0605147419122031 1.1431431421712954 -0.6500167618408825
1.0819562965283278 0.0712482757962792 -0.786447311639012 -1.7958889026298526 1.0208524936114405
-0.6444772423227223 2.042369619064199 0.026626811360525544 0.7605132997121344 -3.0634392133535897
-1.471323938539538 -0.13686091275048753 0.9431498721546625 -1.0454138043812589 0.8846787005634934
0.1438163180041024 2.3617434011481837 -2.0206181975423236 -0.029435430911119307 -3.8613158607802323
-1.9597869863164503 -0.2820070512774363 -3.879396204350621 -1.5827896570718036 0.32464020202197924
1.0433777729734188 0.6147276436048456 0.6153246566562883 0.44896942408392687 0.19938509104133312
-1.1904155758060635 0.3436741474765054 -2.48057026935342 -1.1453462008411643 -2.050991512120085
0.31510190065310567 -0.28729995410742204 -1.4324830173771297 0.22097878453030328 -0.8103045067988234
3.8108957960580323 0.9710275689124552 1.1335797955113305 -1.137910542575358 0.4298325297742338
0.19146167932534228 1.2503116901866163 -0.6910254781319841 -0.3554915104461199 -1.022350159943633
-1.4211661117316745 -2.647906467744937 -0.8713417863109751 -1.7463659621577314 2.2664838280029875
0.646992891701939 0.4686632058661373 0.5104252118053814 -2.607388782277314 4.164042711812413
0.6221383980103972 -0.01125862451498742 -0.04933057298263888 1.525062197151869 -1.6977536774283355
0.2974843332977505 -1.9494721865023867 1.1094852232428598 -0.9551627179185923 0.3885021765457278
-2.1934499487325754 -2.656057724672955 -0.02595555441214473 1.4272297751925456 1.4818323442686632
-0.6977769533979222 -0.4548555125674796 -0.19444235056759054 -0.26125622026331874 -0.3717687326162472
1.3208339348993572 -0.7099844334526385 0.25259518664337904 -1.6625826865934017 0.5744653995837274
2.684956604123552 2.6775039327754246 0.6309222713732509 1.0303616150141495 -3.6246312963333933
1.3438075191278895 -1.2887803246406664 -1.0212322818696193 -1.249687421221826 -0.7432532212696186
-0.028054321319253405 -0.4901385088079965 0.6492215004882019 0.030632230840926138 1.379030732161008
0.9718012780997517 -1.7795509129928273 -1.1709404913971189 0.6333593232112429 1.4524964871205521
1.9095087793737533 -0.5164091776578369 -1.5732864562420386 -1.5709652073622857 -0.008236132709323649
-1.9968115896666185 1.7919296133977418 -0.7293865909964351 -4.196588018639393 -1.9963012165330722
0.2728718599969108 0.8261347547921908 0.3317849391177826 -1.92790450761665 -2.1721888319820013
1.6690951163384151 1.030210852050084 0.8606093246451281 1.2311706383914038 -0.8277002582593279
-2.10004787150204 1.353890548680821 0.6054927582892531 0.027352344495009374 0.003209607504952549
-0.9946137961272735 0.9082062079380104 -0.4590794777827127 0.04832117053213482 1.8295336100625692
1.9288736632000458 -3.6661326742824327 0.5796112580578509 0.785199413017726 -3.337571281344426
0.003963504353045816 -3.0747014992546307 0.464629308663679 -0.49436047188818166 0.3207218252323781
-0.3768276719279056 1.3015740525894621 1.089176356835794 -0.4329916083707975 0.4577232112317698
-2.3166028326896027 -2.4403829154029726 -2.3725930752176985 0.8993400673168772 1.0520589655389447
0.35218966882034236 -0.7638203484887761 -0.4276691480290534 0.9695646047696054 1.4643280912491086
-2.493114047744107 -0.7654421599526502 -2.845365592340642 1.228804547786673 2.2931933680983985
-2.043761496121283 1.6107734970336536 -0.9825060124021896 0.7479720484433481 -1.3490465229874788
-3.0228217971429263 -0.6922790810008457 -0.26758690159001736 -0.6124755502819959 1.3132829375745496
-3.1212227724473265 1.1634048012235014 1.0433436489751666 2.813523862211255 -1.164027430419185
0.8048434346060036 0.4563112889872499 -0.895304217771359 0.021777995689559005 -1.3830867375472562
2.297102915034 0.7363140919836212 -1.3729601699564489 -1.7092344720387422 -0.4250254459943615
-1.4802234705866897 -0.47378645741291897 0.4613882008514541 2.7658204699817155 0.38123536531924285
-0.9620312068429006 -0.7873567325625719 0.25103612897157396 0.30287650497797775 2.538150350633164
3.754642925677583 1.2977488908729022 -2.0246351483874916 -1.0758390566603264 -1.3220466406037628
-1.5827711350485525 -2.543250367456144 -0.28616836326845935 1.6778025044774447 -0.6106449238706563
-2.6092589622523703 -1.9169774405068252 -0.8238223126293535 0.8372438026124357 0.24711117332871063
0.14997098362284075 -0.23540250063518325 0.6056032898486283 -0.6354082370849023 1.449162927478611
0.5724529896886751 1.2650706588581027 0.08670987233203584 1.1170784870955737 0.7899779812819504
0.5569321056495077 -0.6445225070979363 0.7496226307393812 -0.022276091695440106 -3.041158116932699
-1.9772245852420975 -0.08121226008033579 -0.23432215169236117 -0.995632572024165 3.334403761752426
-0.33538860137706983 -0.9859322251819262 0.18215754739501044 1.6763639957721799 2.667834423799137
-1.4168973660800612 -1.1671866571606018 -0.9797140652761479 -1.0227168579174544 -3.3463352672950757
-1.5962617573889961 -1.8049558818643947 -0.3256575821307481 -1.4711862757879628 -0.3391755467698546
-0.5697573156271133 -1.9754617731401543 -0.3814919783114938 -0.9664906999096236 -1.9655407536998821
-1.7510070360007126 -2.1153529088979974 -1.365904087985104 0.3328003428065831 -0.5571080349910853
-3.6289771543192546 -0.31769720515512845 -3.1724483233458347 1.2463355949961417 -1.7058658008440357
1.6053420605307531 0.11301258178687693 -0.17069441984634237 -0.14536351396463923 -0.6451717007919613
-0.9685249410445179 -0.7767508276065082 0.18481628497384522 0.5087127490900107 -0.10371099996241295
1.3630736270075343 -0.06970559189403033 2.850108902575027 -2.371874593756841 0.14505199072171254
-1.9576459451487873 1.7038683862617547 0.1400379982074168 1.9999597722575806 0.09190698890728172
1.056472064346351 0.25335857781321525 0.06242900237837069 1.2882118604217032 0.9890208511247776
2.7999328513358117 -2.4363663259531005 -1.2853393029710867 -3.142613369668546 0.8226795648112801
-0.5620182470813175 -3.4635474495054526 -0.0997654098972225 -1.2758661628301926 1.4019223503757836
0.31645378795107704 -1.8297810067920919 0.06623802144273981 0.014976140273962942 0.3912295273355454
-1.2968619514179214 1.2795221615867516 -2.4143414137900248 -0.45322947899765575 0.260857732210241
0.2927504919614444 0.35588240654331504 -1.6237611336431765 -0.9427067253615267 0.6843465292678491
0.4924237891764479 -3.873462622201883 1.1885307527103015 -2.723523918256584 -0.9047582667210774
